0.0,6.798701880471116,7.168420828301786,6.226046015475344,6.396781362380279,7.070385606925215,6.436004464953423,6.769543928958842,6.421061740437614,6.0090200651649255,6.3486537677751755,6.261487855420165,6.470761488568664,5.939219978571043,6.35828107193267,6.310854555714992,6.389437315617478,6.088106172996792,5.986316973378683,6.280242079910248,6.5281677273912875,6.130794353450201,6.114617715334909,6.109735580691426,6.19229741466998,5.961074447558589,6.158836170086902,6.0358723533486005,5.96832721271359,5.986649919980648,6.03150836608605,6.321519206015393,6.274504574371477,5.957282909643233,6.043343708066597,5.907842189388338,5.836358766275565,6.114914667964253,6.280454670671649,6.0317784211317695,6.066691729036201,6.0752109318287,6.147736680298141,5.8824996155796665,6.169626642489385,6.1970631073118705,5.900696095928336,5.970292296546391,5.976017068146584,6.052321551346117,6.057494623966642,6.031120654680882,5.9199853463893675,5.916092034315904,6.174541119656592,5.895152813174042,5.971013623550607,6.126327370818781,6.1251195779143774,6.166343199348252,5.980421548229795,6.016404297128303,6.166218853061222,5.991387862225663,6.10082065502625,6.044062943823176,6.007007639215043,5.979594818983871,6.100049640891284,5.93140749305195,5.89142698297721,6.014823087276985,6.022670830646995,6.067726635120825,5.659435070947066,5.978321968339352,6.019780930496713,6.027923773634829,6.036277454508904,5.958845138798591,5.867017151738101,6.038020153819436,5.887242972884451,6.0235084301919715,5.9614001653262925,6.1090122124941235,5.861214554985196,6.026936466006855,5.832598322020398,5.860558799686262,5.9604578387658345,5.94934891416207,5.888214832491611,5.942597780751198,5.967445430689896,6.0950782306460445,5.9721280270425146,5.8075691555994675,6.050924990222956,5.968614187243309
6.798701880471116,0.0,5.565579708371301,5.2359970084838245,4.822553759681135,5.721839278821629,4.966775369841371,5.575573933571387,5.366333117495567,4.330040242842862,4.785084103410199,4.47448234760768,4.960080050160875,4.17410138904242,4.612916781816242,4.976765435361446,4.627356264096492,4.465041963010573,4.219115064861587,4.500617514732396,4.842892478592117,4.949003315777842,4.467026598268547,4.513066712190463,4.59113076204483,4.19442017795934,4.734505528831819,3.978875767059075,3.85508829730647,4.3027124322097094,4.365768502347423,4.813344113521885,4.7374662372926,4.1605539624300025,4.244242189880005,4.116313226227569,4.059736984828738,4.453993756060769,4.683746869890701,4.36211109777939,4.570692675827728,4.427580801745062,4.312144610370467,4.142332480709063,4.568467300790666,4.5633723848918315,3.928642118734503,4.304633443115667,4.305188380072937,4.397112956924922,4.186356117814873,4.374369984632207,3.833692713490763,3.843429055809858,4.5470291583483515,4.4667172376891875,4.271754517492179,4.667120820607754,4.403592221207998,4.51589363117489,4.428010922660554,4.50329617473445,4.420034504061008,4.373402331048306,4.324368054742331,4.233855381012571,4.35188530592689,4.274380930196299,4.1899593589832875,4.395686046187829,4.090691508662437,4.37216857840625,4.130134161739752,4.4188109656718515,4.149452329599669,4.344577408620667,4.320042965639993,4.3751436482416235,4.36933925076564,4.280697083792938,4.137927749511905,4.237584998254506,4.12820102295335,4.346064767255735,4.263637429000801,4.454460934136152,4.388667311621459,4.158446226454124,4.3245868198846145,4.326753144146976,4.294092893721237,4.2881285270673075,4.370760362062661,4.400057072702807,4.290433737429519,4.397199927540115,4.301291010250108,4.31688632970781,4.355802651508858,4.327806371535348
7.168420828301786,5.565579708371301,0.0,5.752452493178827,4.913025666278344,5.823640053933897,5.037454132552796,5.662103985207852,5.23022569771124,4.452288204341292,4.950859634816688,4.548601484733406,4.814570984548757,4.520266144267906,4.801084975962322,5.138864882587802,4.865346300085018,4.581221539043372,4.610554999913412,4.628785105218536,4.975770033855018,4.900572194536298,4.563374892705721,4.609005670783605,4.7241432745361065,4.611434424733076,4.647569796575205,4.512638358322427,4.451917625179271,4.417924282076165,4.4718841019490485,4.7477704889219865,4.793517487816839,4.579237662758015,4.4077319094901295,4.515710110505769,4.447784755397532,4.568500492155623,4.811728873956816,4.478091206925551,4.57198341016855,4.551366311640316,4.020364895481785,4.438068622101558,4.724233914390868,4.59783110695266,4.3331483410204275,4.452938464089283,4.417397972357868,4.4919371958118655,4.273555551742952,4.250341962632701,4.324766763561256,4.348332903389101,4.359407814476632,4.392353627127737,4.395814265832029,4.782690093135613,4.476806207916776,4.6448412920854585,4.501157823597134,4.667539287906465,4.551271600459848,4.310441119992916,4.417457773625312,4.370433931433289,4.496383485315891,4.406218833001474,4.047162726936695,4.45614189883565,4.453834236284156,4.286743204037686,4.254649592135111,4.582129696099826,4.493831645452021,4.405907800250877,4.223359027434132,4.474024507553513,4.317120053747831,4.392385326749302,4.44873858800605,4.355057304346925,4.423503885744565,4.303828491239728,4.374166572751518,4.4224887597182185,4.5091766461837866,4.237894882662738,4.466497747349169,4.422965087242253,4.383478722620874,4.429610424952256,4.473317193249969,4.528779507361111,4.393225283377001,4.419386308278207,4.416122091056827,4.435333367756011,4.477363235199596,4.2259022308031025
6.226046015475344,5.2359970084838245,5.752452493178827,0.0,4.764738006594316,5.622948335961446,4.8262343176858895,5.370856706416981,5.122970923712634,4.232804235800233,4.704437376916096,4.549768739629131,4.803806528100797,4.114285280401722,4.628020666209825,4.770108474681629,4.749642007287254,4.382628193888259,4.096842289495059,4.574015051706466,4.9383169536509905,4.554505123720586,4.393575851006208,4.425203721696395,4.492723515914829,4.16796234330576,4.479169742080461,4.270693942640819,4.187955233752743,4.224198729247336,4.256968451316948,4.6958679784643635,4.592452508289395,4.137797992036391,4.278411592590787,4.077551322721605,4.036875739716921,4.367917458770912,4.667644716133065,4.2898244267884555,4.458765145659222,4.394284064228642,4.368307389744218,4.061179313197145,4.536818456826885,4.477839688824131,4.172960461624604,4.2314988394159485,4.233052289950258,4.311093750707885,4.286704049033932,4.29203229414566,4.107659391536728,4.118293628097269,4.395703836615734,4.170909526991521,4.192482332887315,4.452766270158927,4.470426231732202,4.457415310947866,4.328789945677525,4.374810350939736,4.491450559457574,4.228904427852693,4.382220386348268,4.356402296252823,4.294333410260149,4.18670669556776,4.317167989912484,4.18008244154821,4.0218201580917565,4.243334760842953,4.240729599564336,4.358497668074106,3.7648819946195715,4.243129562395705,4.222543550834768,4.263199448460454,4.26712959778262,4.188053151504778,3.991104964605789,4.277791652134005,3.9890540081431354,4.239174912983787,4.186827648331842,4.316686836892703,4.119373530192425,4.211563658295572,4.062618782067572,4.080784891215064,4.197884962594817,4.212153498041643,4.141662697946859,4.190694928136966,4.1796509928312195,4.317408767204556,4.17293189444821,4.030316385197931,4.292317362717388,4.215022269808945
6.396781362380279,4.822553759681135,4.913025666278344,4.764738006594316,0.0,4.6050183413261445,3.8617857534996185,4.392478035973406,4.3942651829177,2.731129840503464,3.4259912824458585,3.4810572682146215,3.796811201399441,3.1004685939901626,3.5253804806381055,3.7222887400160527,3.4931743004200686,2.4157686099536018,3.331509297712469,3.348722664157979,3.9038671931675197,3.7879114663997515,3.199262867903983,3.2190320530243928,3.367142750028912,3.218394139441593,3.666598290470561,3.406745384660521,3.328406810022683,2.6975468758937335,3.0377495682783326,3.5771221771234427,3.3638966492460916,3.16400282061773,2.8242905054962097,3.0754303731812307,3.0311826718118753,3.2097254783679516,3.348158025359729,3.0260939645543083,3.4883832243808306,3.1672957113455493,3.2539946142244696,2.7859668809301024,3.1659748091234703,3.4149135340723387,3.17573470378328,2.76585706179023,2.7216487645971608,2.8449208291138404,3.1119414046588783,3.0703138977513516,3.18218805838502,3.1961197334749536,3.2572038479881225,3.1774852727733305,2.7361828740278473,3.4283821558933805,3.2586995113369976,3.119832916921096,3.259226686462603,3.074701874710322,3.2635162699945353,3.0523771246595692,2.948273725868493,2.9793510291045706,3.0369339968957942,2.7553499374104717,3.1000734689681932,3.0631031298834452,3.0208094804194765,3.069399321748491,3.022657821232872,2.9665114144266878,3.0935601070194494,2.959481477684943,2.996543800740423,2.848865142544103,2.8457317782853098,2.911988694001352,2.977497905022615,3.0531704542979656,2.983105933901513,2.815759677185158,2.662315086426714,3.1911765941600203,3.053554939601552,3.020069701040939,3.0116839178027885,2.973320745119324,2.7108681089991133,2.3996581907055967,2.7763292308014793,3.162452118401808,2.9216381935811104,3.132165095152006,2.9588222547378265,2.9718541029266614,2.874524450363027,2.968863555342633
7.070385606925215,5.721839278821629,5.823640053933897,5.622948335961446,4.6050183413261445,0.0,4.774473087338408,5.349908147005562,5.327652269798184,4.262793638792945,4.632698250659656,4.628235381237716,4.733123311680073,4.394249122888222,4.46290088209981,4.798665958035279,4.6028640538439705,4.242749480789348,4.352330576641009,4.450926120697711,4.846743538486067,4.872498286067374,4.273626068808662,4.3241572181851815,4.454787201770868,4.481449675001962,4.779331395781029,4.583054944455867,4.519588011811341,4.271071537477108,4.340174898411781,4.774246372048735,4.5867669624259895,4.400625331831514,4.342123921063749,4.347205454855295,4.3131273338578,4.481460102428471,4.06541995235893,4.325806805984876,4.662914447926494,4.255839207300769,4.451522163912662,4.349187507606261,4.152443655827173,4.5723430068072775,4.450866340572431,4.160891816206804,4.28691850728305,4.192813292269643,4.385650966785412,4.245394286770839,4.420904154064948,4.413360053689363,4.375370336934595,4.453090092036972,4.270655980343231,4.4648260214679745,4.386018012612125,4.401219953127276,4.570176655633378,4.3094456125384335,4.546357954587949,4.170455405344105,4.246010647042106,4.302264242855899,4.200975740714562,4.111114713879172,4.385101862804098,4.373774329567808,4.178666091610549,4.193254075951444,4.308707075798848,4.0281357675531275,4.383098626954269,4.307028575213436,4.275334636239724,4.139716052209369,4.1641405967846525,4.2677325397550145,4.1424556500047,4.362147171049428,4.13148843651411,4.124039971736035,4.246612994355399,4.428712337203472,4.365896726874827,4.307959114709515,4.372482883600897,4.294195275907577,4.100379758785736,4.134592866239149,4.329834748389858,4.2310149314867544,4.268006494876457,4.358258285508458,4.118360782924449,4.324357689587002,3.9369026820930544,4.3023544607865585
6.436004464953423,4.966775369841371,5.037454132552796,4.8262343176858895,3.8617857534996185,4.774473087338408,0.0,4.804243659631897,4.387812572332811,3.1929962045017986,3.5110621703099674,3.3595332618516807,3.737718816877552,3.306833422696315,3.0202154294916697,4.107857891889754,3.867766242600173,3.390195476556285,3.2137434456579257,3.6800930828263843,3.831746782015907,3.8780099807146526,2.683354307373088,2.7504296400664487,2.894846045793319,3.398477909242515,3.8113623000303036,3.5291741945681103,3.473983939942444,3.163268792713647,2.9607194402512773,3.5447535955667906,3.6973350103268796,3.3493223729085884,3.2549677808253996,3.24178567257674,3.2154051057684256,3.408464324473486,3.556005614989646,3.0394130004540516,3.574005687595959,3.1214002093560147,3.378038663228429,3.1850061571669537,3.365820233164567,3.3245569722730948,3.3159817804772436,2.949853932272024,3.121123388958925,2.979337425051008,3.0898547069871305,3.0221747390750617,3.3222023286794418,3.350707329619322,3.1854473311297826,3.3292228786288756,2.897400210277418,3.414046717417396,3.239334947359424,3.4435075456457107,3.405936410450326,3.457911009835406,3.509534655206264,2.9356207822428684,3.3597160698498505,3.298252631445536,3.0545610562665075,2.9516777246297883,3.286167637724086,3.263354812826735,3.013733423757831,2.9392621862300503,2.965404030352765,3.1543836457685965,3.2339354875272006,2.9311695470119226,3.154718008361488,3.222517456765017,3.2133195121225193,2.8982695250665005,2.9146618265121678,3.2511063673301024,2.9159256856734395,3.1903047376626628,3.118757956576853,3.1694197148272036,3.2201117440494267,2.9687164304742666,3.191278200603937,3.153061266312644,2.9216066941066567,3.1386560749446746,3.1740602379066254,3.150071243207092,2.86763134257295,3.1041352101893382,2.954895780374661,3.1279429501845737,3.063491193780808,3.108729923369059
6.769543928958842,5.575573933571387,5.662103985207852,5.370856706416981,4.392478035973406,5.349908147005562,4.804243659631897,0.0,4.961945871312381,4.076903646281631,4.408524163099354,4.459294699765912,4.752456431422424,4.167957538278618,4.510772738009501,4.046805244934538,4.464726056861426,4.022999445206625,4.333125011620713,4.302297049595031,4.731624799065934,4.561189228049223,4.2535423774729235,4.307581432456177,4.426704923127408,4.26033088330349,4.509895253455844,4.414816030814591,4.308883034755312,4.0711968865120145,4.13142241841001,4.550566233520208,4.2912832045610845,4.218449786771869,4.1397395500780565,4.1377164017709545,4.103096578809007,4.253662102368726,4.314122654910985,4.097453764211808,4.336449505243136,4.209983250455542,4.279238485880749,4.120410562447024,4.230884196980205,4.386859405789863,4.226822201688003,4.103514695383046,4.058190510225605,3.9761812818022264,4.174938206015492,4.153236845762239,4.1893399879099995,4.216990916534765,4.315978706554815,4.092629082659157,4.066836111780632,4.3206802404804865,4.323197076121372,4.155461286698388,4.187971401725413,3.748756456817938,4.308582240181816,4.117979143679968,4.042769894339659,4.043527758002451,4.1218552595451055,3.900237927148381,4.170429793788284,4.002330339637522,4.13602661451856,4.137360289828127,4.098181968108003,4.12179741659891,4.0231992780659365,4.073075599528879,4.0941725651125065,3.9412104971055677,3.9399019211698025,4.037228667882519,4.070649878052336,4.132275724977259,4.066673365311239,3.9226305716319327,4.044241619147878,4.208626815583862,3.9277715240193722,4.090904120239937,3.9086193985891415,3.9280098278365556,4.050313424121418,3.9281834175421375,4.018137579925065,4.033989736775632,4.0179071138695575,4.166505937655151,4.070269622869773,3.9261623823851766,3.9816950143598304,4.024799479352857
6.421061740437614,5.366333117495567,5.23022569771124,5.122970923712634,4.3942651829177,5.327652269798184,4.387812572332811,4.961945871312381,0.0,3.755290559176199,4.292759925824145,4.1303916143260935,4.182714660207045,3.831089786832586,4.126497863702419,4.367064336087498,4.349074359495803,3.9175184148904596,3.9669413613057207,4.191316601877951,4.518031340417324,3.7059876527616598,3.901357531863834,3.9584942567472146,4.076947155398283,3.918136456172063,3.7403658134134226,4.040270508500681,4.046467292897625,3.757027208909503,3.776895080240323,4.100471395049732,4.172424051680392,3.8842879932384653,3.853525647992857,3.780906598599921,3.7393404457603636,3.946045458099191,4.1285766354507745,3.792454410648616,4.020444360343053,3.8924732643929194,3.725668490033948,3.7286109012921775,4.100518840432536,4.004113466436685,3.902000007343928,3.78391959791676,3.749387691099242,3.795824698401022,3.849360271660422,3.606029198298246,3.888236787406524,3.874089903245687,3.7757244248695048,3.3743651464084894,3.6847076188221575,3.9308290435096915,4.006304778916275,4.0123427220593575,3.8204238344909434,3.8136149792821348,3.99041935832231,3.595796881204007,3.9115624276374747,3.9273575232563838,3.7718347024226686,3.717783441672907,3.677738134997082,3.688651987943452,3.789558928699285,3.5903727709273183,3.7342340291122205,3.9085520560438605,3.583300183756474,3.7369913169672175,3.5782851803836597,3.8012170649578483,3.6844016814297094,3.682690215316089,3.7300093283038045,3.8019014219199674,3.6797591605366273,3.6500865142184367,3.714334639551907,3.7717706066940875,3.64894639576883,3.763232852370375,3.6479643488363287,3.5835520803233956,3.715409389236463,3.719494272331487,3.6784376868751147,3.6565249087021114,3.7200980427855677,3.725460633336768,3.7431905592755115,3.578027315763684,3.813066159094328,3.5427768238913058
6.0090200651649255,4.330040242842862,4.452288204341292,4.232804235800233,2.731129840503464,4.262793638792945,3.1929962045017986,4.076903646281631,3.755290559176199,0.0,2.934656593209563,2.723737242109891,3.119621684050667,1.8683062916527688,2.727454184506637,3.2695637727530444,3.03018877782158,2.072002023799011,2.4484316886049013,2.7722131740020637,3.198804369721905,3.0868416149854303,2.3208140848983567,2.4250401641036525,2.5942562482467655,2.12382901409019,2.913724578000273,2.6261795663444376,2.5167768222709213,1.1969632985185839,1.8471363457179444,2.840666052392611,2.745390757279599,2.010659540820628,1.8389487387735064,1.8921132181015876,1.851875182199099,2.0859764752693635,2.771053869510568,1.7626241653750971,2.7241039832850116,1.9898671119256102,2.383959184738852,1.811681957455246,2.5595541047154717,2.569399036544651,2.3202370782275956,1.764627563150437,1.7206320428617525,2.1667389001787574,2.223742388947592,2.1605810261677267,2.303122296066457,2.3219438463069757,2.429813786502755,2.3287217572271293,1.7008117224469652,2.656202338295973,2.449260802569605,2.4654073176728653,2.4633923109614226,2.468222839471859,2.2218752060258344,2.1001332467812226,2.2829733831697903,2.2953512106709004,1.7861337468815899,2.0123582730826994,2.2282453635557102,1.8945506930582525,2.0911248674367005,2.1318826849403867,2.0634108179525956,2.277050071350058,2.200905730464917,1.761687284810298,1.7778839296530935,1.8683264542633649,2.0973188814480537,1.930105743179722,2.0336578183188236,2.1251913994254483,2.0009070961968933,2.084947329617478,1.2083501924237516,2.305444935617802,2.1331944385652775,2.0541029414054157,2.1116912557750473,1.7504803815634162,1.6939176807241325,1.7135722458110045,1.7908139380458996,2.2225379308975954,1.9390301353587747,2.215170646104612,1.975856609724907,2.063843376316166,2.1373817768084304,2.0203913437991137
6.3486537677751755,4.785084103410199,4.950859634816688,4.704437376916096,3.4259912824458585,4.632698250659656,3.5110621703099674,4.408524163099354,4.292759925824145,2.934656593209563,0.0,3.1414338394088155,3.776293824644585,3.0624391199405556,3.1761145610374295,3.6800382734464545,3.4842233667608657,2.9469485001686886,3.260470762606381,3.2483966980794174,3.854495032816596,3.752573020676972,2.9075109556062233,2.93481289944704,3.06210745027805,3.180843808486103,3.550803542198313,3.343406873549004,3.260949689461226,2.8930528497177104,2.6887930487357043,3.2945143216380948,3.311343872997677,3.093758322964657,3.0419160052659677,3.017855911061156,2.9842067491328117,3.1632270369308633,3.25353313014936,2.7274531355344798,3.425336645803586,3.1048951968874547,3.2054882728601344,2.958883171742919,3.1048148756386915,3.131386905806662,3.1313514251424572,2.9609943475021936,2.910358601134029,2.409920308390248,2.829753765002254,3.0350937217054983,3.114210499846392,3.1675889696544073,3.2364196211889,3.0759253993518647,2.650340788899089,3.373248034091106,3.232537378742628,3.0945576856139367,3.213634537025179,3.0574356556420144,3.2269607556784705,3.026537663599614,2.8939346748893375,2.902538431654093,2.9728097562718108,2.3577666200455103,3.0409699952923024,3.052919466407783,2.984530300074125,3.015745328568012,2.7107103236101437,2.9085338191872476,3.023061487438841,2.649991640041768,2.9626340811603007,2.7952918148394885,2.767013976883131,2.6316321922236217,2.9698277173663463,2.9955858498873655,2.9104754176907974,2.6822703734111335,2.854281198101707,2.9381893241964137,2.9932091465303667,2.7546171096056575,2.9752639781616175,2.9112499255732733,2.9013412202220663,2.7058377628115893,2.97788847777612,3.062643865203455,2.6225057286580866,2.8598574038616618,2.9092786861092748,2.9346089847701435,2.858542566083601,2.8783124003250142
6.261487855420165,4.47448234760768,4.548601484733406,4.549768739629131,3.4810572682146215,4.628235381237716,3.3595332618516807,4.459294699765912,4.1303916143260935,2.723737242109891,3.1414338394088155,0.0,3.63253894719394,2.8512362358834706,2.948314644377112,3.7472548291486176,3.347347997586053,2.966315144347191,3.0300997095100275,3.1000391680796437,3.5339011983569284,3.5436118823926908,2.6589706848697725,2.7214366748232894,2.829768425191355,2.9598728168073043,3.3669070947992856,2.928057652109109,2.8600921565326987,2.6960969971886235,2.4621874344640906,3.11140184141525,3.2774045663494644,2.9270373755995562,2.6661897371888523,2.7800027858253626,2.7699211932929106,2.958514105059982,3.3107240342531488,2.5055681209526375,3.1017039384469536,2.8749878924570975,2.7404429219744486,2.747720206879993,3.1453882033006497,2.9304435873311525,2.6967062180129173,2.7414532409275894,2.687850042213343,2.552006145529687,2.216535403253955,2.792556241390337,2.649833828736393,2.7232849183403416,2.9873370904278116,2.9418609389290618,2.419587759578075,3.1857543353850755,2.9059741801974295,3.0758337797834483,2.8837511968920224,3.035538618630999,2.920210583552995,2.7833086602798245,2.729995097061617,2.7430896633511788,2.7805402900343656,2.4453970312553364,2.567833908342781,2.830580514738106,2.7701228576572,2.7884042855413282,2.1093945537649823,2.904711736667225,2.8209065580419534,2.407321344641377,2.708121912602545,2.763080698144375,2.7596286920591124,2.4294045826352493,2.715876760105348,2.648912955398097,2.6900132426393277,2.764648523738298,2.626180746553465,2.724293548983651,2.8032423456268334,2.1505443992687803,2.7695477785120333,2.683802967161828,2.677091625710396,2.6733717267647856,2.7710850154372317,2.8602502035856614,2.392132053442786,2.6213846286878613,2.694230987728108,2.7117429740437036,2.7820070929310026,2.678228843215848
6.470761488568664,4.960080050160875,4.814570984548757,4.803806528100797,3.796811201399441,4.733123311680073,3.737718816877552,4.752456431422424,4.182714660207045,3.119621684050667,3.776293824644585,3.63253894719394,0.0,3.269625025490234,3.352680864454867,4.024282896241204,3.8513033704269537,3.3279334357922434,3.172076439685681,3.6244915572762877,3.8082376636422266,3.6798716375520306,3.0620686752820476,3.1851437405379657,3.259130417158817,3.332096219966676,3.5425562171540452,3.4741821369483374,3.4374366060827075,3.120133998389767,3.141315137656103,3.5832903364100663,3.634459419614855,3.2738749136731564,3.2184034735057576,3.180575759875347,3.151549966131884,3.330381532869767,3.5200398169779774,3.1782046147729788,3.584811031623046,3.0782571367280047,3.0858963975704183,3.141397713263239,3.3060180294239876,3.325258695247608,3.3249760447621557,2.9432211820059493,3.0678339070566745,3.179820514867923,3.231290811838041,2.6667711912968755,3.2998432700189646,3.31291843866368,2.9136872650816064,3.071468378360353,3.0641854766802297,3.3781785479032442,3.219010722146926,3.4031932309038986,3.3798811195278917,3.439482516022918,3.4301320963076796,2.6604978815366747,3.309157214324549,3.304801488042241,2.9789603279701655,3.0897224489266617,3.0690199288485296,3.251150074456826,2.937824961767029,2.6718932034056437,3.143816640462299,3.1136950668947163,3.1570503051152543,3.103835342100412,2.9644517802799526,3.1560300240484582,2.9877546257779306,3.0466189545861098,2.931013371853893,3.189256670216511,2.855701525759237,2.9720389368066042,3.0698922138987315,3.110644517453713,3.196797144921587,3.115864484913021,3.1486099991031975,3.109095728615448,2.8989514000704983,3.090202995471763,3.1277545233208914,3.077515982393464,3.0209259720552066,3.1169277455800914,2.9164471316595364,3.095157187665502,3.0315606656101908,2.883938866537447
5.939219978571043,4.17410138904242,4.520266144267906,4.114285280401722,3.1004685939901626,4.394249122888222,3.306833422696315,4.167957538278618,3.831089786832586,1.8683062916527688,3.0624391199405556,2.8512362358834706,3.269625025490234,0.0,2.882260153354268,3.387087193635203,3.168883016529441,2.508721778000028,2.315655076710617,2.9033548023935247,3.307045963001393,3.2259244495775663,2.477915493550228,2.5719596431704392,2.713301361826646,1.7571404422738985,3.0187477190787027,2.4996506446880735,2.4096356638063767,1.8970556685303608,1.9848482663946232,2.9631254220063865,2.8827006827484465,1.738499248422192,2.3589558007925397,1.5989319574456617,1.5342706741946563,2.215731434491762,2.9082552647063813,1.980033390264543,2.838454965556385,2.1347498775365543,2.5541949716050283,1.9879994370672707,2.706447609961499,2.7103504787596018,2.2351321558102035,2.2410497669786253,2.1924295739027597,2.330280100149724,2.3763269431847465,2.320731898978431,2.1916515736610167,2.2376701759111213,2.573642139370147,2.4692364949722876,2.155163145505773,2.7754573720037232,2.574815973168726,2.606774227560592,2.5935934548073605,2.601672379289701,2.3345176438714526,2.283956515992229,2.443413042413706,2.4522350665141484,1.994359765635673,2.1771282087991115,2.343955781168033,2.067396190025212,1.9875693255155829,2.2709242309669797,2.2237892414166587,2.4404292967186563,2.0862386536103954,1.9380945708522628,1.9146688318377572,2.023602099701485,2.295038955623806,2.116683505834845,1.9671820194328629,2.2933692387424145,1.959314655062199,2.2440469189394983,1.8617451411788686,2.462161967511531,2.2962283307560143,2.2375600028916605,2.2762120675577138,1.9322575431614306,2.1390143133382757,2.1650600957128407,2.257895497839215,2.36066820690396,2.140063692553288,2.3894427000089324,2.1472830705244563,2.228410027933368,2.3163982217530568,2.189377115582384
6.35828107193267,4.612916781816242,4.801084975962322,4.628020666209825,3.5253804806381055,4.46290088209981,3.0202154294916697,4.510772738009501,4.126497863702419,2.727454184506637,3.1761145610374295,2.948314644377112,3.352680864454867,2.882260153354268,0.0,3.732770247797118,3.5467569608834486,2.978688839737963,2.786273063608708,3.3179978145065605,3.568113622361614,3.558014438344684,2.3225164253959822,2.3713311417470946,2.5077746617204832,2.9637550496187477,3.4307528776665315,3.1658856449355657,3.048790588734339,2.696968078775151,2.5013365034084662,3.1863803767112193,3.2925191008897916,2.9117700799993287,2.8373407932604096,2.8110670890008165,2.7764888687116747,2.9313405167323396,3.1360088984596746,2.513590114067058,3.278214567431801,2.7133412546453046,2.979802968468888,2.75725768130439,2.9798532152828177,2.9567509748902845,2.925084437268252,2.5562811031174792,2.697174932569692,2.5790110597110787,2.633057715884835,2.6247939982644724,2.926055691609507,2.941479685805155,2.8339253162458395,2.9092185333823903,2.4263295215937135,3.051514521552231,2.8596554811419495,3.074597811565093,3.066794206897244,3.0034550798009008,3.123270395378294,2.5314395032989245,2.9228235020996856,2.9069736359158243,2.6449974021105636,2.488020711101177,2.8470503551021547,2.862489265521716,2.5699242759562333,2.587157177904658,2.488195396870554,2.7222267808248883,2.8390895676359142,2.4306802469391378,2.7282485776618066,2.8072044533586333,2.7819834395737773,2.459134364685647,2.473909804554187,2.794264955446307,2.468540810522551,2.7245517081991,2.6492275083774515,2.74830939605387,2.788466445959007,2.5212967711967718,2.7828148714941117,2.7264573915874957,2.4513472414546364,2.7044176307528947,2.7775123426985475,2.7249825608281655,2.4162439656268617,2.6107989782984498,2.525384866069178,2.7255653809742992,2.61999534184282,2.7226428520059067
6.310854555714992,4.976765435361446,5.138864882587802,4.770108474681629,3.7222887400160527,4.798665958035279,4.107857891889754,4.046805244934538,4.367064336087498,3.2695637727530444,3.6800382734464545,3.7472548291486176,4.024282896241204,3.387087193635203,3.732770247797118,0.0,3.7890358206212795,3.2256004247706755,3.5088840538648176,3.5548841484926204,4.097432351336542,3.8961490496376276,3.4521009212606817,3.5135196061190563,3.6213083872303398,3.4814588720370585,3.761343520356124,3.6547791220411945,3.571288394901838,3.2510224714673,3.3200861595647777,3.8207045277911877,3.6233597036862575,3.4417231194128157,3.3799214684657404,3.368123147991929,3.3070579306041905,3.4660983561248018,3.5891438031152942,3.3031611242998635,3.610265976889952,3.4347010921930896,3.4708263609328807,3.32300270152549,3.4065511027951114,3.646542173233019,3.433411959022524,3.2728037801142134,3.273039800479435,3.1097787566159907,3.369398059684687,3.4112243727423452,3.419927173307575,3.436559236279865,3.5327177795102696,3.3021267828905665,3.2007815837045226,3.504155689151245,3.5489835815307877,3.3933564184436587,3.4220469531745827,3.0564047432946415,3.540789656417225,3.3212525955436996,3.2284301081857016,3.233515970898801,3.314973015999038,3.06953214478862,3.3665405501610857,3.1972872500891314,3.2951075439963207,3.3408350137154614,3.29486181614832,3.271214716031919,3.213229287337418,3.2186870383613764,3.289985291700328,3.112654753365278,3.090809976039193,3.197322148200359,3.243677003954223,3.3345032228450555,3.2433312294598062,3.0880881239714606,3.2164499898349694,3.3853421873067266,3.142850172976407,3.2699079399099054,3.133575879171804,3.0943564388956646,3.222613192183944,3.0839180434898723,3.18957945368502,3.2744495948526917,3.1973443694487624,3.367969254024913,3.22527001012064,3.0798756225045283,3.141964299465965,3.2328217688345107
6.389437315617478,4.627356264096492,4.865346300085018,4.749642007287254,3.4931743004200686,4.6028640538439705,3.867766242600173,4.464726056861426,4.349074359495803,3.03018877782158,3.4842233667608657,3.347347997586053,3.8513033704269537,3.168883016529441,3.5467569608834486,3.7890358206212795,0.0,3.044494481460599,3.332760300654497,2.8851628013968234,3.773781707418189,3.846999244945701,3.2450096257188976,3.277875636592219,3.421076293817148,3.279104494105694,3.653512696251031,3.2092386099742587,3.154510925399815,3.013541336841919,3.1006903587239396,3.5918571462962463,3.391160070152827,3.215619833657551,2.9514347466789452,3.1114899616572993,3.0674754617295616,3.2356339367983864,3.3412137974848197,3.1026939807285725,3.3334123761024275,3.171321425966153,3.109293874324462,3.107864396327007,3.2378933700713723,3.4473010355830023,2.996298572845216,3.0401474455161734,3.0118767564542437,2.8592504255330007,2.9312043599233726,3.1012076455929205,2.973757405794983,2.988504319186422,3.2902766000718646,3.183774978066433,3.00278486693474,3.4405982187114055,3.1458852565766584,3.1451147071285166,3.1017626642549896,3.084873141458034,3.1224197416474593,3.05927745441482,2.695963993669718,2.6845545041481627,3.0606708903160635,2.8140768081496152,2.9468140354100307,3.116965991111564,3.0774763169295403,3.0870601881342665,2.821963009565497,3.013402248145916,3.1164233195998583,3.020177379729425,3.029507165492679,2.848871670276001,2.847995816302709,2.9533644483260493,3.0106283111268963,2.899121967119841,2.9980190412490537,2.857307895934635,2.975012027491772,3.2050128118821326,3.090161178236972,2.8377145291200976,3.062139373099011,3.0033836356581975,2.9728681411115487,2.8053581264848293,3.072930149544485,3.1550984311958743,2.964141802815322,3.125274798708723,2.9727674105057953,3.0113859277230604,2.897492370332114,3.0036349527501383
6.088106172996792,4.465041963010573,4.581221539043372,4.382628193888259,2.4157686099536018,4.242749480789348,3.390195476556285,4.022999445206625,3.9175184148904596,2.072002023799011,2.9469485001686886,2.966315144347191,3.3279334357922434,2.508721778000028,2.978688839737963,3.2256004247706755,3.044494481460599,0.0,2.6887654718426526,2.7709963948926046,3.40430527914195,3.3178611412769237,2.588869858218398,2.6631039324027617,2.808229637684128,2.641281226966939,3.158909045835806,2.8466150292828436,2.756494482706417,2.0392749427241794,2.4020723018960894,3.043749492418063,2.819576008759321,2.5681390820152195,2.184723317940317,2.4627071738836706,2.396092663426708,2.6137057246175748,2.7985226343986747,2.400149352671749,2.925938030366321,2.5671492477975506,2.6716345070917997,2.127977641153111,2.6135743665315645,2.838228839586727,2.6090978600896078,2.0900469244475883,2.061165464575122,2.191001269884669,2.4890142346316493,2.4305037816906396,2.559227412140625,2.6025604075402824,2.6913160688243236,2.588180813623969,2.0395876621074414,2.8787820237996065,2.670351810065532,2.5683280913909883,2.6954486314976815,2.5258672490156044,2.7696025285036034,2.385853712088367,2.3437009679115945,2.3517281610175003,2.419050279849348,2.061783521645911,2.524335766284589,2.4812210504106593,2.397468395959631,2.4027185659395474,2.3757438498666987,2.3608004072617503,2.479990899623048,2.322810924729134,2.336713987171519,2.2118267522089314,2.168258290244525,2.2542982372120517,2.34341336693796,2.4357342315291843,2.308879492514889,2.1309607435358173,1.9735251750785194,2.575404263215396,2.4368066046000973,2.373677939817257,2.39832606351845,2.3252614479320415,2.0352443449023587,1.6909041507430638,2.1647369765922897,2.497486567647284,2.267971323440884,2.492114792483688,2.2906482398713433,2.3386604488482985,2.2606421034474145,2.30612437828759
5.986316973378683,4.219115064861587,4.610554999913412,4.096842289495059,3.331509297712469,4.352330576641009,3.2137434456579257,4.333125011620713,3.9669413613057207,2.4484316886049013,3.260470762606381,3.0300997095100275,3.172076439685681,2.315655076710617,2.786273063608708,3.5088840538648176,3.332760300654497,2.6887654718426526,0.0,3.060164047281919,3.3021809335879606,3.3630894197525385,2.4138238782753043,2.5167396871655403,2.659305834291007,2.381182403806511,3.1868523332411054,2.6314171962217032,2.5129723631511403,2.407706971427381,2.525110782421432,3.1368437061622387,3.042868146102527,2.3575494031695308,2.5833958238816446,2.2606491695901756,2.155239587197362,2.6640267915094484,2.8885581385549455,2.500798098010745,3.0152658831772103,2.462635532270463,2.722980321263188,2.193288392627856,2.715651226026807,2.9401895101283437,2.393034674234246,2.2338423727668,2.3811673848396344,2.5608212624424787,2.5933929565296383,2.286641373545427,2.3525663242051085,2.419826601137266,2.542491205851032,2.6768471481295797,2.388738947852261,2.75089968789576,2.638696361233306,2.8217130865915463,2.7602783936231385,2.8305884323065955,2.8475085561622095,2.2579661386348193,2.6624933806860938,2.650196132959192,2.351309423674259,2.4262728231418853,2.6026568702815642,2.5550623627459177,1.7943900797232548,2.247154449784283,2.469417916255426,2.4249875648415666,2.2119074874005475,2.4317391616895065,2.4196674745842732,2.5333305568010607,2.5033880164637123,2.3462756980338186,1.8398343549678848,2.530988420698852,1.8191326721948102,2.4916863490659455,2.3436905916949895,2.660726746541851,2.5008471960818865,2.4601036960176925,2.4756943778640954,2.4226693112126756,2.1688224142775847,2.416556344857511,2.4753712577959126,2.4051315879114967,2.3675409940656875,2.575772223371448,2.184315134082184,2.3968046016376463,2.3458148253158497,2.4173187713387834
6.280242079910248,4.500617514732396,4.628785105218536,4.574015051706466,3.348722664157979,4.450926120697711,3.6800930828263843,4.302297049595031,4.191316601877951,2.7722131740020637,3.2483966980794174,3.1000391680796437,3.6244915572762877,2.9033548023935247,3.3179978145065605,3.5548841484926204,2.8851628013968234,2.7709963948926046,3.060164047281919,0.0,3.5258923963376643,3.5857453471376135,2.9676704451629647,3.038547030864728,3.170222862183453,3.0414623209274816,3.471878153390079,2.9748628023712502,2.9387232080144523,2.7500217610278486,2.8027195734038597,3.3549993362084995,3.107075823607306,2.9749618591941087,2.6545848339361777,2.895022290132456,2.795921290947465,2.9846847932611764,3.100084697427731,2.8064392909584646,3.0833561011496196,2.9530313466879226,2.8328280465845634,2.8035614388368604,2.901649525559082,3.1873883994518084,2.7248834287575283,2.764150711472007,2.744325852845591,2.5854486193489628,2.6552398556054966,2.818864614520594,2.7167281602167876,2.720016096993106,3.060209234975382,2.95523093081254,2.7103349967065986,3.2182908702902315,2.8561351327315276,2.8656419127452963,2.858176058194924,2.8866700205735714,2.9320400710548764,2.8099748083594096,2.406526227676954,2.3657406454908143,2.828649988500926,2.5268552328653273,2.6930957468763084,2.8875975555189752,2.792098500648392,2.8443172014936033,2.5734251706465523,2.7526594653871106,2.871737577950633,2.7321656811185573,2.7677480878309084,2.5716701273010005,2.5769559116877554,2.657785487948787,2.7493001740981544,2.678336111358867,2.7238599614797008,2.571399400939183,2.6946280232275535,2.9671488409351316,2.838348456757045,2.549569699501939,2.807710766103544,2.7204170816072284,2.7039373863916243,2.5422516029871285,2.802756832444871,2.86228902780602,2.7139862243089086,2.8510358768321185,2.726989625195533,2.760417194486364,2.636375755324058,2.746348297346299
6.5281677273912875,4.842892478592117,4.975770033855018,4.9383169536509905,3.9038671931675197,4.846743538486067,3.831746782015907,4.731624799065934,4.518031340417324,3.198804369721905,3.854495032816596,3.5339011983569284,3.8082376636422266,3.307045963001393,3.568113622361614,4.097432351336542,3.773781707418189,3.40430527914195,3.3021809335879606,3.5258923963376643,0.0,4.004545251981915,3.1931621152281666,3.3142186151016837,3.4574819842108475,3.4325343940050814,3.8440602495233254,3.4786971150366144,3.3946794449005595,3.1880250386172606,3.261874148384622,3.7418225454868996,3.703458231809272,3.3602718132065403,3.202430017020827,3.30496395027941,3.2680158852012537,3.4229358439605786,3.6000907356695486,3.2483262373753945,3.5362424414706632,3.1324911737584062,3.323557553725713,3.2441141677503333,3.4146093982371246,3.5719692801834424,3.265100172296684,3.1113903472866395,3.1595401045373954,3.2676340156513395,3.1939815370125193,3.1567341650326024,3.2398568842327062,3.269863900201702,3.313434397066299,3.3933628823942965,3.1797738778193803,3.4395482290052746,3.1141625739984224,3.5345187292041227,3.360363482160638,3.4953673902830587,3.3949576967101036,3.0578093125721924,3.232399747375169,3.231372711389782,3.1208309592903047,3.2159079439263483,3.2055071648776625,3.334346204095287,3.0835214162286633,3.0824129088289154,3.037635448559812,3.2080883741786987,3.3117929819709637,3.179485792655895,3.22161559902343,3.2172941600576888,3.2548546845656814,3.1609014097030603,3.037357744567051,3.191103525173388,2.9882257194595345,3.225202296809718,3.1283638206572095,3.3739085375244064,3.2852973318026497,3.060606234716713,3.2524897502060344,3.2103698674247716,3.054661743367675,3.1796396612744213,3.2594740767521135,3.1779304917490223,3.176542709296441,3.308142332878088,3.022221441440232,3.2204112978480137,3.1210699164061837,3.1721738477211514
