0.0,5.875844367202716,5.751797602417846,5.777159527362027,5.881295584847582,5.711376001141582,5.783623285564696,5.722657583190971,5.7473105070080255,5.678195258856909,5.964768924506121,5.870303285422466,5.96280969739138,5.915558438095383,5.831757505192173,5.954508943465657,5.864893234855175,5.7794239356385715,5.835488420849045,5.897507105326203,6.1755906907468106,6.175583587127743,6.1900216561032595,6.223419430012368,6.249458594714488,6.213843475541156,6.216806999579409,6.2718994991658406,6.1770294684580564,6.2622996041220444,6.173183331462598,6.0219968663679095,6.1094055955515865,6.041809957273934,6.018514043474843,6.252593761108671,6.113334601903775,6.170246459885733,6.126676057649927,6.06654364632318,6.168783529049426,6.171534738939378,6.128531236037227,6.140707932705717,6.183571849791446,6.111518815437396,6.273360274470197,6.080229642446312,6.231425340456358,6.084961486042545,6.2463765131039795,6.299550891187725,6.387196560872897,6.444796676802323,6.278313249164833,6.206260830196523,6.418599948039194,6.276650941855731,6.564786385563961,6.109383117202088,5.968201936654745,6.087708907097055,6.00152346025525,5.963167625813056,5.962255329734157,6.001785648391508,6.182620195391979,6.145533495124509,5.962603694885786,6.067267047951025,5.971018734502782,5.957324531714876,5.9002761905486985,5.997279186055794,5.918138598532105,5.856487244123065,5.965101475072336,5.98379298634386,5.920447990375245,5.947809524595516,6.2547305705760055,6.206342271193801,6.202069632357361,6.257327857520645,6.237595111374055,6.372360281357287,6.174201623370843,6.288234490329626,6.15950599968506,6.251818583076697,6.1825424524832675,6.122331621900711,6.123954839478861,6.104373377228271,6.074556612388214,6.159546255269197,6.0243550948696605,6.087007675785234,6.24569584459986,6.229507419958058
5.875844367202716,0.0,2.9358584098455998,3.063757502010877,3.0370712228813477,2.822640512244651,3.1478220903759304,3.120011888139035,3.0075106382617856,2.9008379350461535,3.2493410175980326,3.05821831787483,3.195882508563937,3.222951720593085,3.1458560024901523,3.1028425904504537,3.1430334469031744,2.9653178402658336,3.0430919147290405,3.09069750694026,3.5320856236569687,3.527224246141484,3.5817321186525937,3.610381675472876,3.6599351618709206,3.634279541441378,3.539497264573783,3.7814473502622215,3.462415805715703,3.736069681787974,3.6799151761188975,3.473077085589067,3.558468997581753,3.638104659224994,3.3668250931078325,3.7131939582990063,3.5656356396796367,3.6795397686307925,3.560844304336965,3.4936933918906687,3.623961990645536,3.6164776824469302,3.554059654374905,3.6238394885611283,3.643994781490404,3.50556448968742,3.7819162837889326,3.353823168365549,3.6181332235527845,3.556648535093826,3.606348130925613,3.880155517764851,3.8677786943546058,3.864656980623359,3.7351817771870715,3.613466660150072,3.913669589303093,3.6834447513028996,4.0735173997845715,3.3979549372279982,3.387374233712412,3.4643660326763706,3.3489726982382106,3.3904634076827094,3.251502056742391,3.2848305194862104,3.645273670655218,3.5190631246062325,3.2949990092205126,3.483564479283144,3.3704513698046825,3.460273902944453,3.2771937412127237,3.3378590537107713,3.290318917351456,3.166433091500469,3.3219985092040316,3.4572406252803503,3.1942527897788184,3.4007753946581225,3.572240530085447,3.6237933024897986,3.634902320189545,3.6334166321844608,3.720482430708673,3.6965936290885644,3.566687014037469,3.719548884900631,3.5700439084983193,3.798734233254854,3.5119407507258558,3.4274669923312913,3.5547954836362887,3.482466649801543,3.444917478860303,3.571716700239197,3.4179331750380784,3.3664977745775135,3.754505502621333,3.719960889097956
5.751797602417846,2.9358584098455998,0.0,2.8458313085084326,2.9145965495888104,2.708459870732518,2.9407985915735835,2.808914781667715,2.7942707574897083,2.697416241947879,3.0581551696549036,2.878551445762837,3.0121449368118607,3.0670574298627296,2.944658525549658,2.871340371263728,2.929164666889172,2.7576857583637633,2.889238509598029,2.863957969144002,3.415607862089253,3.3987437844649255,3.4439766644829244,3.44464215528143,3.5027705534752016,3.4605475694737704,3.4006093769384163,3.6484785383967386,3.366767874855161,3.6036857916291813,3.469213506300084,3.29413508963575,3.3947207416633542,3.4717655305403117,3.21746074448049,3.5404170056870017,3.3838083682259517,3.5043599357029467,3.4187892430370237,3.257375125204162,3.495036556723966,3.447317634168573,3.460598965657656,3.5210114985123595,3.5247295573495583,3.4134414771452444,3.665498822082072,3.2759525224275183,3.5143606667495146,3.4230706899812042,3.4157624017244204,3.695807200055943,3.794644175296843,3.703733241351988,3.595952296287493,3.5122264117466298,3.7920803361422655,3.5597496793371604,3.9496393932446443,3.1629766414140428,3.1986813868281594,3.2225201202308993,3.204537131558794,3.1254754277021477,3.023231676769635,3.0347581207068695,3.453233674009335,3.327206623720738,3.1029122055866507,3.3071170470429068,3.148319819596224,3.1963303863716552,3.146544235105256,3.1310585801021436,3.041089164222012,2.9461027749671165,3.1676926874746347,3.256823638938548,3.072109793211006,3.249193238114409,3.448418910084903,3.4901560906424143,3.4346498637982954,3.4529558373352245,3.5617577298176144,3.564026756391691,3.3826702695904305,3.602228132124497,3.4855246251075958,3.6610363011168987,3.4416667307067814,3.343480749965614,3.410324599402675,3.329135365313134,3.3261158211017396,3.4318487704554186,3.223088275965765,3.2612817528649414,3.644018597133511,3.5846898520156585
5.777159527362027,3.063757502010877,2.8458313085084326,0.0,2.9125691286977826,2.776824001176218,3.076423910806099,2.887594748259489,2.8899992394363827,2.80001782343505,3.1649766896430513,3.0271676486079064,3.1661888230501996,3.230771771279758,3.1103273399763247,3.0704713736626714,3.084095233569969,2.8810402816609875,3.000085034754728,3.035114302768774,3.4973484622173863,3.5607494939005453,3.5474609697599515,3.618466243917998,3.6404002369929116,3.5494517910471433,3.5347155554474767,3.773149372734247,3.4946235506390604,3.717581300853364,3.5237207404603574,3.319165415366554,3.4566199106446516,3.481392443497586,3.3350790379893893,3.5846905171179877,3.4428682891267295,3.6320117355022647,3.4241895120439945,3.3730280731507682,3.5957613416576564,3.5542976584823016,3.54588983104505,3.6033312908052717,3.63172236667849,3.408770547321587,3.773764902131565,3.366771557247234,3.606079314372524,3.5004729905009353,3.5444891210973744,3.7494871424612106,3.873012648376881,3.7789216242160637,3.6643476232930596,3.5795461173008776,3.8521690896891636,3.6353872711538022,3.9841296550534557,3.343692672095449,3.347219218300667,3.3335289579844214,3.283388294850791,3.3241493226812815,3.1946898508944814,3.2118073187929186,3.585876996230111,3.4799369979504786,3.2144770731806296,3.4491982896830873,3.274012840530112,3.3242217623095196,3.212741465715052,3.2421292587012864,3.131983012215448,3.095964506167619,3.2902637018886964,3.335651322894047,3.106623980538604,3.3184361081291516,3.5245774956045404,3.5563597382305856,3.54435835633787,3.5300629907882812,3.654739850514529,3.6359008787218245,3.484365283627498,3.6902981502755634,3.5316141666568486,3.69135173777541,3.4746429973517294,3.385487967498359,3.428937199927249,3.4137149869617165,3.3458392309862908,3.542642496348396,3.384348883840688,3.3477907098142725,3.6881375812263566,3.639871150869778
5.881295584847582,3.0370712228813477,2.9145965495888104,2.9125691286977826,0.0,2.71585068725148,2.923382212260306,2.8242188344193018,2.864549967253596,2.6680488183446553,3.092062595923138,2.94002651565947,3.115528554389732,3.13066015722236,2.9982283447216433,2.952884078920966,3.018108076947501,2.7987334827039625,2.9342380024512833,2.9730803378914334,3.4084143805408313,3.44568256631082,3.4722267116941463,3.472943357392929,3.5005454592053065,3.515332425976882,3.456513274445573,3.6259912911261596,3.415449266720629,3.592649606497739,3.497240204613788,3.2616077883913954,3.3786817178378405,3.4125213287022333,3.170356424552863,3.526222228137284,3.38954504015268,3.5161023981418333,3.3824392205280507,3.3343622209184303,3.4867008127566987,3.4781664630786797,3.4307207710407,3.5424580905241654,3.552560291355836,3.340480881982141,3.6464235681777306,3.2387725862269816,3.552537473283635,3.456424431426021,3.4463373506729655,3.681711729460917,3.7397027098463624,3.7312766273864724,3.6088905174453183,3.5382937507972896,3.8010638956200706,3.5462039531182943,3.9622399711128153,3.25154429205618,3.2416650557983893,3.2994611820412247,3.224196926936913,3.2458879426239866,3.1433608252198564,3.1329590722706464,3.5338083637654782,3.436761256512465,3.135483970215448,3.338591830649882,3.2501808996472996,3.3192836468924787,3.178471813202341,3.196780289694782,3.15849420813808,3.0473003384006954,3.1977249402819456,3.3392834645169738,3.156690208027707,3.3157373119894675,3.479121468682526,3.5268889648334083,3.4891758163644377,3.4942586675229244,3.6265074127891492,3.591977951355958,3.482216752494385,3.6683612000098615,3.4681560935824565,3.711243819594256,3.4328336080423956,3.3113885130375964,3.3102969635114765,3.3235264201749,3.2888174803888894,3.4689773622523594,3.314854918422221,3.251570248903924,3.5956198430401485,3.5527084710349617
5.711376001141582,2.822640512244651,2.708459870732518,2.776824001176218,2.71585068725148,0.0,2.7773107856693517,2.7164205459161495,2.7024245043574684,2.5969763303375046,2.9149914608236513,2.731472720355431,2.919074853630621,2.9554280983380057,2.8112596955901825,2.743725380754484,2.8109541989520137,2.582017491660347,2.6767106941025762,2.754082510427595,3.3567595480449763,3.344265051417256,3.323448943713402,3.418834293309616,3.490656779664533,3.3729295384375653,3.380682929077432,3.567307290510819,3.3204783678698613,3.5343039481039273,3.3827592171575924,3.184238785066193,3.3134700866150246,3.3518887163230477,3.116639053168001,3.4338464915157347,3.2967106927362555,3.447482232483024,3.2632995794912567,3.167598453427802,3.3105840360193093,3.2880370655058964,3.223701002525905,3.318758252954369,3.350102033057646,3.1641749232534995,3.49416491615718,3.056422840683973,3.360993886817791,3.2086198521943974,3.3237090566121115,3.5560746724599075,3.6428751397422943,3.5971541494427948,3.474107196750578,3.4040336747885203,3.6735905961391495,3.411341789914518,3.817428030398602,3.049740739653383,3.068250589852287,3.0924669167453596,3.0074210568640107,3.081777351857746,2.8844543578368245,2.9333430969191387,3.309769710816034,3.2338900732397104,2.9448212636389792,3.147090500666412,3.069605000833987,3.125411960150901,3.0105080948159957,2.9622371508689644,2.9761475601735135,2.8852730358378578,3.072113363151211,3.1409763120713223,2.9769639272660267,3.163152568571125,3.3091490008278828,3.3697664160669265,3.3637642508055703,3.311100502196291,3.4246848079692747,3.465524909704196,3.269463432456377,3.530002880149293,3.3021829551968023,3.5587774537089074,3.2596284118627468,3.1437277578852534,3.1557219412939665,3.12283036255039,3.1288378228219176,3.27192802495536,3.1052199929850355,3.0568042650386205,3.4680793732532376,3.3722877907353164
5.783623285564696,3.1478220903759304,2.9407985915735835,3.076423910806099,2.923382212260306,2.7773107856693517,0.0,2.972385148507733,2.9839870340510473,2.8199283412188643,3.2700641156831636,3.079847444496573,3.250761236391844,3.2821322753583866,3.194173670547998,3.1385330140992336,3.1391860929987967,2.986472945260177,3.0178309461241803,3.1282966010312125,3.5990491194069314,3.6106159669546187,3.6232104652673103,3.6853381786682617,3.710397909989124,3.651883770541905,3.6362219121798245,3.8237291905266186,3.563960662684645,3.7639773234496077,3.6421458460824634,3.4592260257998175,3.6021933179000714,3.5875963683260643,3.3548056110401108,3.766149587220066,3.575558604100884,3.6593956090801227,3.5999555002217263,3.458113575276515,3.61859472597202,3.643333900733152,3.5516298662770662,3.6494712916973797,3.7198183464490056,3.4816744478856103,3.8010386804199756,3.460416113026433,3.696518941002327,3.5543215385107034,3.588655526283921,3.807707604241935,3.877197872863457,3.8338617430559703,3.75888357145248,3.6539271874650687,3.9769041143248214,3.7014359754883843,4.050470706288947,3.3873412936149068,3.428310109011763,3.4059669307015046,3.348272384866087,3.3506061461063554,3.2000975653556893,3.308938757192786,3.6085152530990006,3.5259990980695672,3.261972237062451,3.422609851264051,3.3756872819544936,3.4129425935564197,3.2693139372038162,3.328909624765436,3.2335380908851343,3.21611804203685,3.3590062138601318,3.424992782696547,3.269695027213377,3.4569829732681385,3.5958263204129737,3.6159957339590783,3.677523031052409,3.599601294373391,3.7607359746199656,3.767046901336982,3.6412398838226143,3.805745003309129,3.616692725467119,3.881968600327445,3.498777993632987,3.4360397011413917,3.4748714834914725,3.388984670136675,3.472866056302709,3.5437942098453457,3.4213482176926955,3.453313071536368,3.7272092629842617,3.670977933347132
5.722657583190971,3.120011888139035,2.808914781667715,2.887594748259489,2.8242188344193018,2.7164205459161495,2.972385148507733,0.0,2.7625151137547004,2.6648661276739722,3.121414416363069,2.986531541980616,3.066436884052792,3.169358029990557,2.989798047444334,2.9269068835597243,3.0034196754714912,2.8355635299225024,2.9385234591949847,2.918606322058386,3.4028646462353076,3.4323135089709895,3.462914171477687,3.4789154662552666,3.5366400708041357,3.431908099324554,3.409192135781842,3.640694417005181,3.4225420018719475,3.6361690642580395,3.4750908983815316,3.3022395597418908,3.357891660159271,3.4744560803997024,3.1871553122455456,3.5728590416594077,3.3984554597226593,3.5672641152748197,3.3829793910910655,3.2743175115779435,3.4786514692645913,3.426810828663341,3.4511221346160887,3.5114270726685928,3.5172327053125603,3.3473619578746434,3.631780925025342,3.2222175068290966,3.506782363486625,3.3867740824578054,3.488702934382301,3.6611164018370532,3.7567910057099922,3.7023156162794097,3.603166665649367,3.5706043082421774,3.8074538809073992,3.548997151743159,3.8696628855467914,3.261538490294026,3.2519086955016734,3.243463104438075,3.2491470097856037,3.197517063551671,3.075676578429549,3.1225400779479378,3.4617574508387357,3.4084778945472403,3.1572203702479484,3.3588345824857826,3.1729259535081042,3.2524322798274032,3.11457198703362,3.1427157450735974,3.072142698589707,3.0039210126933247,3.179122387205631,3.2882187728402563,3.0591468359681055,3.2287282994833686,3.4339843805543313,3.5114606140787163,3.440957567320838,3.4541001820042476,3.5768735604530755,3.593289685830574,3.4303162852118105,3.605344958262164,3.4053954006066105,3.649482659033862,3.454511959424604,3.358278743278126,3.38011897379938,3.3594549125215445,3.2886349361622926,3.472791362318129,3.3207945709327498,3.269777277323081,3.647042704226288,3.570318910688993
5.7473105070080255,3.0075106382617856,2.7942707574897083,2.8899992394363827,2.864549967253596,2.7024245043574684,2.9839870340510473,2.7625151137547004,0.0,2.706964753450277,3.0924539644951827,2.896633028625969,3.02582292318764,3.0842648379239583,2.892420360685444,2.8661846517108134,2.971714507220833,2.7439502582156563,2.826416173788137,2.844883451840026,3.3619437399292122,3.3984724371857182,3.4244773410265252,3.416955765069172,3.5426342857823037,3.4232675166304896,3.4295837803757196,3.691071413385406,3.328137608177409,3.5851929001671152,3.470669189699389,3.2463499259625226,3.3566128042749086,3.4379581492896465,3.190049741112048,3.561373482327772,3.36116413113169,3.5423368081763535,3.3964380455257426,3.303830443726057,3.455289550660878,3.4323928347290633,3.410546069679781,3.5170269014763034,3.564891748483502,3.3470187743121707,3.669066048677192,3.2399579942594054,3.472969169807177,3.4178639771888144,3.411530487617594,3.6935092647483283,3.7646436243484147,3.695967440804414,3.5726927454469326,3.5197900132921136,3.7988108029007384,3.5168328816935888,3.9021720657538297,3.2348968527149484,3.1844758292005757,3.2978651539548176,3.233789363307424,3.223068895219666,3.0600033918374407,3.0978953015519166,3.498594137947075,3.371549467223716,3.1497067148428863,3.3682201244790697,3.196989855003548,3.2500479767999524,3.112547822761059,3.137328282250736,3.0555989888504778,2.9925167211385713,3.1766609953449083,3.236072629191342,3.022076125291298,3.2114388104708516,3.479486705808901,3.487590315548322,3.467263667957724,3.47098737163439,3.5741520442887373,3.541629491872722,3.426491606083765,3.5978506824750567,3.427522223447154,3.6654960902345013,3.4244293015866076,3.265525268784012,3.3481400806741783,3.2553685670198873,3.2879683244390674,3.4545307318816327,3.2597343210188052,3.225681286198597,3.574246632618361,3.522810988116678
5.678195258856909,2.9008379350461535,2.697416241947879,2.80001782343505,2.6680488183446553,2.5969763303375046,2.8199283412188643,2.6648661276739722,2.706964753450277,0.0,2.9749751626909307,2.812668519799393,2.988707109412371,3.019575940352901,2.8780353942242813,2.8201777460341173,2.8839826819208088,2.662131764911805,2.789542789938558,2.820850014649,3.3469597927718153,3.347794555513419,3.338784211503692,3.4402212295809513,3.3911381346393967,3.3753153335761414,3.3438094659669146,3.587383302923897,3.2814506832696657,3.501268701854088,3.4276886070217265,3.189734180819322,3.2916668437201215,3.3527966341213404,3.1038640704722797,3.4879682001011694,3.295745222133208,3.4043181654526444,3.283882610894645,3.1844060505110288,3.37404873475502,3.37883978100265,3.3694451855096705,3.442563575706093,3.459841311349299,3.256969461749383,3.5262876769456306,3.155055660476234,3.464528995224667,3.321697350216902,3.3690033373296733,3.5856082407729413,3.6739448070502454,3.634117892774193,3.530356370049395,3.4190669273750154,3.772016869937069,3.4311937226785707,3.8582365387762256,3.1337533047099084,3.2136524908821924,3.189015196655468,3.154442600155498,3.1585909782810773,3.036581482960919,3.0301355889327617,3.4387717928762656,3.3345402598877123,3.080948362616672,3.2661612768491946,3.0792686545310306,3.1965298374023994,3.058416485673805,3.0654738642683297,2.9910366942904254,2.921058418282664,3.124181106084947,3.2112199422425203,2.989839673544141,3.173366853499552,3.222536100979963,3.3671148518029397,3.3113111845867693,3.3487547025971467,3.469112480400767,3.451511610285421,3.336158762970978,3.495587019186279,3.2795282115301534,3.5201296281787875,3.229936438251007,3.145747623581251,3.221696856482745,3.1516540604824583,3.1231432166874638,3.2730256688748667,3.147685905462653,3.080912765402094,3.49213233579892,3.38657766926089
5.964768924506121,3.2493410175980326,3.0581551696549036,3.1649766896430513,3.092062595923138,2.9149914608236513,3.2700641156831636,3.121414416363069,3.0924539644951827,2.9749751626909307,0.0,2.7144836626079423,2.8347209075853246,2.8987145304350133,2.642703981637786,2.6597723550833217,2.714404436971162,2.6061549619915323,2.752566353866912,2.623337264472055,3.420580335981002,3.369120244503575,3.361843461957668,3.447995341499173,3.520977100093081,3.4465390744625073,3.408058876111085,3.6359445503799286,3.3758033926515036,3.5613404110069693,3.3535248673522173,3.1180986110222815,3.2341304078429,3.1991145637511007,3.063478897283538,3.367598718726905,3.3002930771124595,3.4172394590260584,3.2723175536515456,3.145531612520563,3.3852640127341744,3.3102569183030703,3.3813593256229146,3.429373689862935,3.393281098459009,3.1684417935876663,3.569031466793465,3.1627333121501375,3.496697502642714,3.277351170237056,3.353501121565172,3.6476629117021253,3.6884055884503955,3.6951819108466157,3.53272574316952,3.492060375246636,3.7266042135211244,3.412859602205704,3.9239937579759574,3.1189025902734997,3.073123334411331,3.1927947405541213,3.1185772314742235,3.1663818900571106,2.994122628931159,3.0502253965047275,3.4386970516497817,3.3666474867422327,3.0435508396545656,3.2756926932397725,3.0861589183322464,3.2833801621197423,3.1270554458489497,3.0529981854280637,3.1155730921363163,2.9362730345100605,3.135244742883452,3.2379512457661397,2.9686425440565127,3.2385607185838126,3.3871336510111334,3.375541219761085,3.267373233078566,3.3065915946232023,3.4316973174030783,3.4318365433010536,3.2494099888400862,3.4561780318481268,3.4181764724826147,3.608979306680403,3.3208240070156214,3.1728457013161466,3.2880302494727376,3.1931085050541,3.2937186078596987,3.3593508697352843,3.0932237582146866,3.094863691147749,3.4947606789834893,3.4169411122576037
5.870303285422466,3.05821831787483,2.878551445762837,3.0271676486079064,2.94002651565947,2.731472720355431,3.079847444496573,2.986531541980616,2.896633028625969,2.812668519799393,2.7144836626079423,0.0,2.66449839138699,2.6801850771695004,2.6060140745378666,2.545886731459231,2.5765158515441073,2.473973410041779,2.556450564996705,2.44845535086799,3.2509761224748126,3.2839271886190424,3.1920573248627537,3.371913346151208,3.408358000376138,3.290027467792718,3.3152218558294315,3.535487375505793,3.2977610477658357,3.4775882879221007,3.3533994535698604,3.12930763898957,3.200256402949098,3.218410288837096,3.0164942303967037,3.3700256423653805,3.204929941158523,3.3937276540902217,3.1683046889544544,3.0971876369611384,3.243446932767094,3.2258299949771283,3.264125497957831,3.357440196148746,3.355584139277614,3.1071322993708295,3.4798419015422244,3.0425713295517256,3.3678222907565503,3.1122908985417794,3.2910559043343675,3.5603998251141475,3.6233582560767963,3.5416608623382277,3.397881122514691,3.3859999090691524,3.6560554126571883,3.290783502106946,3.823832319956645,2.9945048230779343,3.0483903295640133,3.073547832950238,2.995908808564339,3.0286604054636985,2.89496826497079,2.9597407114028336,3.3433649429647527,3.254860984072095,2.9599250129274086,3.1279895978008296,2.9692554244412404,3.085251203106011,2.9471458982060086,2.942360124269481,2.9277324205713957,2.8429166809496507,3.0095724926374414,3.0762780549631326,2.868495715471392,3.0835054882205464,3.2626707595042923,3.2929953939461836,3.2674812261484263,3.2757720270261292,3.390974738721877,3.370745202143502,3.255819831887195,3.3863556171110485,3.2719130141300656,3.5279117435306686,3.2123846426709646,3.091233279826616,3.2138741608193113,3.1045837292849927,3.201508202378601,3.28471249952394,3.0228204615028775,3.0256402717367243,3.417623587482649,3.3491627743000674
5.96280969739138,3.195882508563937,3.0121449368118607,3.1661888230501996,3.115528554389732,2.919074853630621,3.250761236391844,3.066436884052792,3.02582292318764,2.988707109412371,2.8347209075853246,2.66449839138699,0.0,2.799734603701889,2.597582456071196,2.5646426849149653,2.6398438872794245,2.62221970230276,2.670918075796176,2.509912960017541,3.319614615305944,3.3118371840184513,3.257596161975361,3.316897082991161,3.459832490824229,3.3422107897246187,3.3557563631829663,3.551384969991021,3.2806621206534112,3.482367925391838,3.393137198914771,3.2653244829391515,3.2368079723571106,3.3424722957675557,3.1497092884883435,3.425913200316598,3.2455096402116927,3.4791945191751354,3.285800648377638,3.2214612190059158,3.398193210284163,3.336059853947632,3.431901291145765,3.4425590047994645,3.4662916390208145,3.261153084136252,3.543761781810841,3.1644549091156557,3.387539633205865,3.217473934515571,3.328396208552395,3.636380057948053,3.6686466390941255,3.677391550836552,3.473077222884364,3.424803712886588,3.704995757189341,3.4070941683936837,3.9658176672916565,3.0691912984433585,3.0529802239255766,3.1398609047957593,3.0727369525319874,3.0585744182419083,2.9121042989664847,2.9845759938247576,3.3463424187638307,3.240074995373868,2.9648067587654494,3.2078813176640084,2.9872433923304564,3.2452184275040583,3.0237868154049963,3.045365022976547,2.9896846492670406,2.8160433171636132,3.0463788533342324,3.1521390827204887,2.8979195597287037,3.1284378977558025,3.43755992490381,3.3462657555603585,3.3396485745694164,3.396696780529558,3.4338987039279263,3.4549621942110647,3.251367721333004,3.392224615694361,3.4087768421578066,3.5787875299221343,3.2857952789133407,3.1454823447626246,3.3344827736452345,3.2023189367825275,3.206789181828056,3.2842932258102393,3.0389223826451537,3.0230958730805932,3.4331590466258204,3.4184321672450464
5.915558438095383,3.222951720593085,3.0670574298627296,3.230771771279758,3.13066015722236,2.9554280983380057,3.2821322753583866,3.169358029990557,3.0842648379239583,3.019575940352901,2.8987145304350133,2.6801850771695004,2.799734603701889,0.0,2.736223130318575,2.667286552462633,2.758825532115141,2.6272116835175248,2.674125660405273,2.697407756709584,3.406319713754064,3.3812046238362967,3.377437417829165,3.438225964268793,3.5487941305729422,3.431956311959298,3.4261244772652115,3.740106501771345,3.402594048001196,3.5839815810190063,3.5015097495399106,3.307247532026919,3.339896289791421,3.3952267969078895,3.207798075097712,3.5341643064047727,3.3378650537072727,3.578745825602195,3.3331780556433763,3.2848927939934027,3.4254882408812217,3.350915094905659,3.3848850869714844,3.394725938839408,3.464140432510961,3.241385119321716,3.60102664825571,3.178456511035113,3.499517816299017,3.261928528761108,3.4009993094376556,3.72568679213096,3.7347805170121986,3.677436415422779,3.550996377301228,3.5763768085823022,3.808349225924419,3.433801777063586,3.9884827027736636,3.1364232134280714,3.110135852753543,3.185537145285187,3.05996661598096,3.10276190870282,2.967552184342657,3.0473502546513958,3.472394935550958,3.294682935588359,3.0303398417635585,3.3066645630963105,3.1114127224845425,3.2976105217563583,3.1471621673082604,3.11296648566626,3.1327041264765123,2.9541872727751963,3.1177751565627503,3.210624438243636,3.004317832102906,3.2259503169434733,3.4777764076281668,3.520656528585677,3.4150291488542837,3.4378130683520487,3.5156061468678512,3.5610325785954093,3.3830531080984163,3.5549925285507644,3.518467953153151,3.6873563318229055,3.3906054518175686,3.2910215655083626,3.3828046062985266,3.285112559859224,3.3236739074099693,3.423236732741917,3.2057765499593143,3.1882908157994057,3.542832410853503,3.504436406032471
5.831757505192173,3.1458560024901523,2.944658525549658,3.1103273399763247,2.9982283447216433,2.8112596955901825,3.194173670547998,2.989798047444334,2.892420360685444,2.8780353942242813,2.642703981637786,2.6060140745378666,2.597582456071196,2.736223130318575,0.0,2.4691643668953773,2.6369016682790063,2.3608917009719574,2.58035653378776,2.424043140203748,3.222910294200776,3.2369165432376756,3.1657555089108995,3.2262676556890035,3.407654359026282,3.2094842076873555,3.236280092148834,3.5074141856087055,3.1995557297820203,3.3755030786892672,3.2646392356567144,3.065862094681683,3.0285150833749355,3.103580001249801,2.9837863201716304,3.2300340205429334,3.157343910932006,3.3061377407118235,3.079706860253549,3.0193038400781953,3.2405697382865766,3.149697479980112,3.2337181419451837,3.223578377778059,3.208827752663681,3.034008069152764,3.382310226541453,2.9716424604347496,3.2670184361241517,3.0477051215420325,3.224571223180573,3.493428464230001,3.546156621435726,3.5285501877700853,3.353274746099274,3.3592072201016427,3.6019850873961454,3.29010949946862,3.800788275623003,2.8994171872351804,2.915777034414069,3.0653002645703564,2.9351558666010695,3.017542886373938,2.807380849427831,2.877935652246109,3.2856893390395605,3.183713870912526,2.932128215094111,3.082252794239573,2.9096674361390895,3.1416574176142884,2.9761264111117645,2.9196764176199315,2.9486861196392744,2.7557861837485778,2.9462398617245915,3.053504812458869,2.8228063151244185,3.0716556008923206,3.3124008163862046,3.3081796650466293,3.206919436997229,3.2608745281900426,3.323127253605005,3.3100535157363504,3.0854511891832805,3.3200916171933597,3.3220989851561153,3.4808993260511034,3.16548015718774,3.0898010019463094,3.1589695761852723,3.0483373018395015,3.109202011126986,3.2545354447760606,2.9282859603300886,2.917990320577902,3.3112481108818845,3.2857154615175026
5.954508943465657,3.1028425904504537,2.871340371263728,3.0704713736626714,2.952884078920966,2.743725380754484,3.1385330140992336,2.9269068835597243,2.8661846517108134,2.8201777460341173,2.6597723550833217,2.545886731459231,2.5646426849149653,2.667286552462633,2.4691643668953773,0.0,2.5141935837109464,2.2959932464274324,2.501820187755621,2.34542003895873,3.1813371207967993,3.187307912985147,3.0936821824164134,3.2308839395092193,3.378447855466971,3.210415020314528,3.198947769258563,3.4489841402993755,3.126870472927808,3.293892763579875,3.3058661485034886,3.093498142664222,3.0815477269933353,3.1340755665718114,3.003496040342898,3.328195777104662,3.1383959702939688,3.3422254848238846,3.1229639668580003,3.043507598060285,3.1938183562546296,3.03206096694565,3.1764497886134637,3.212236795886804,3.1950229802745427,2.9803972348173873,3.3659924999840287,2.9266419717127716,3.22604003814239,2.9662101722998124,3.2108111205835494,3.550549456560413,3.5137862758874148,3.491142645748155,3.2956469811484705,3.4137024154894573,3.628116977626924,3.2778871288126807,3.776769458306759,2.9053962027633577,2.958666733414986,3.027989000035895,2.9727419065147624,3.0194164417149443,2.823194811491767,2.8939855887496444,3.3446638338095873,3.1667454023778805,2.9105964890898646,3.080146087303071,2.883119809691601,3.075652858000995,2.873397712369826,2.798017556157908,2.8814017299328905,2.723851471087925,2.8918342329243027,3.0289938484298187,2.7745513828322883,2.988752898849428,3.2988931707064113,3.317287080970787,3.234959793666404,3.2355290072642133,3.373794622984786,3.354967073145376,3.188884658751597,3.329795310800442,3.3063069156586518,3.4899723272674774,3.178398302118024,3.074508323748741,3.180472162329676,3.0832501649379416,3.14234019647784,3.204686821500873,2.962280291043553,3.0110240882257133,3.3757919512638472,3.328792737857641
5.864893234855175,3.1430334469031744,2.929164666889172,3.084095233569969,3.018108076947501,2.8109541989520137,3.1391860929987967,3.0034196754714912,2.971714507220833,2.8839826819208088,2.714404436971162,2.5765158515441073,2.6398438872794245,2.758825532115141,2.6369016682790063,2.5141935837109464,0.0,2.4678641552812666,2.5555320533648462,2.526307732376836,3.2749614218266947,3.330259256666629,3.1720886158536956,3.3332729016230185,3.3969216660256896,3.2877413526932853,3.3009644226172394,3.509327720534214,3.2417408095431264,3.413839162683901,3.3834748005222446,3.162104247891921,3.229838853010852,3.273884672152887,3.0867404327751005,3.401573961244759,3.262410895639871,3.425555335917964,3.235089798967759,3.1247117481803515,3.3046313702661556,3.256652332718175,3.294757759787313,3.3923495780638584,3.3938466601015898,3.1732087737034873,3.5700191986679037,3.079194633415384,3.4069214605264677,3.1960226076684797,3.264885047419552,3.5523178754023172,3.655578812509419,3.5839496496529577,3.4395918983308165,3.4459799468198122,3.7123997427507165,3.3672039270553475,3.866073663774459,2.977980388640831,3.031753812784846,3.1255854249007577,3.020770648875937,3.0553018483884085,2.9123477748661095,2.9624863250030504,3.3939121327038153,3.2762279043140237,2.9658558441133858,3.2133520102320876,2.990350941504514,3.1871894236331704,2.980671926950096,2.968200632763542,2.9682364571762894,2.842170863760839,3.0199182812579672,3.122548476882067,2.874957208729613,3.14916726261674,3.3647103457890055,3.3594377378771068,3.2381881866151008,3.3350633105626986,3.4221932598501317,3.4412521691528535,3.2549729081533845,3.4571039396930647,3.3797727675490425,3.5021731578253776,3.2745084262610753,3.1609720089622546,3.2500512045714642,3.170452531830716,3.1673054970966215,3.3277338362226643,3.067924988397864,3.032381770635231,3.464826960130543,3.418704859350137
5.7794239356385715,2.9653178402658336,2.7576857583637633,2.8810402816609875,2.7987334827039625,2.582017491660347,2.986472945260177,2.8355635299225024,2.7439502582156563,2.662131764911805,2.6061549619915323,2.473973410041779,2.62221970230276,2.6272116835175248,2.3608917009719574,2.2959932464274324,2.4678641552812666,0.0,2.3921836808147376,2.29932413122176,3.1510814990003486,3.178845043254074,3.128712089696008,3.2226386422340947,3.317747458202799,3.1943728084179774,3.1523794481792216,3.435247064448033,3.1128531320779023,3.308652838997889,3.2058489870330966,2.9797736841069145,3.046606120447705,3.12424566701372,2.9077338255703893,3.286985344000238,3.078676435774212,3.2389111245644187,3.069479948349608,2.981637068278699,3.1275063191570354,3.074214562070289,3.1340427028568194,3.1924195566101967,3.2019336997226278,2.927782909558516,3.3153628088339318,2.895242498120806,3.201480797041151,3.0010912817724757,3.123648236690487,3.4252841636669613,3.4661456804779425,3.4216978819832775,3.290014858502168,3.2690877123641653,3.5465906508146383,3.202481088813257,3.7277094517481957,2.8791916186902586,2.930186969142635,3.011864249231419,2.9165753123190905,2.9394286297255947,2.7728440200456954,2.8652794749241104,3.266279383168429,3.1471121674976907,2.8918334084696697,3.0868882658187378,2.8792003962689017,3.036475328209212,2.8546547205587576,2.815555692744818,2.817830184774418,2.666964832167013,2.869081126531649,3.035172745943348,2.7092275365982563,2.9601075310119747,3.1945919352957493,3.2318491632937056,3.1302587893328884,3.1612387030457345,3.30804546907074,3.228514295740425,3.1132288680701508,3.2864698761476836,3.196078705268535,3.4124829022883976,3.067488519449676,2.9556618748649637,2.996880180664676,2.9671724645505875,2.995217484871048,3.120756396035813,2.890671023440626,2.8505710498176664,3.2612216593518726,3.1515007924595304
5.835488420849045,3.0430919147290405,2.889238509598029,3.000085034754728,2.9342380024512833,2.6767106941025762,3.0178309461241803,2.9385234591949847,2.826416173788137,2.789542789938558,2.752566353866912,2.556450564996705,2.670918075796176,2.674125660405273,2.58035653378776,2.501820187755621,2.5555320533648462,2.3921836808147376,0.0,2.49154214664817,3.2722100116420596,3.3681790690808056,3.2451933014696994,3.299285585926511,3.4102476966368576,3.3347930731911113,3.2687339767734365,3.5396282089169815,3.2479664235751997,3.457864813876465,3.3154145859836484,3.133865750171838,3.2052791144227957,3.242892342671089,3.030206559697473,3.438154678424669,3.263829371854341,3.382205054033072,3.195292950782573,3.1550467435393816,3.2488313187581994,3.238259015162281,3.211121788212479,3.3548997034581634,3.385939353305114,3.0869897521169865,3.4474584422881316,3.06568369522445,3.3760406867644477,3.1401676585150646,3.2367701116414236,3.5915682597003378,3.588850180656983,3.4868967826670225,3.3957459764224356,3.3409402040201766,3.6245239208272477,3.334036292022178,3.7666352369184364,2.9586506167482605,3.0172445267158214,3.1662106603926223,2.9858755763014173,3.010085161341425,2.8777139542063397,2.945926673054286,3.3592463978836586,3.2202133259686527,3.014119142877152,3.1802738033435736,2.956191151458647,3.0782583759670703,2.907350229356645,2.898594443295595,2.9035986835204013,2.780941978285519,2.947537580902493,3.007396005305429,2.807933830649923,3.0502724510200165,3.3494905055894235,3.3439760220868067,3.2859625989070564,3.331940805117731,3.4295080046726483,3.4121655534334914,3.2188771046847187,3.4688466376512572,3.323250366165002,3.480791652783937,3.1542512211285914,2.960451916657706,3.0729413220122304,3.027613552745473,3.0585826810244314,3.1875254312136536,2.9559851626590334,2.9474707671730767,3.347330048558028,3.3492157373933122
5.897507105326203,3.09069750694026,2.863957969144002,3.035114302768774,2.9730803378914334,2.754082510427595,3.1282966010312125,2.918606322058386,2.844883451840026,2.820850014649,2.623337264472055,2.44845535086799,2.509912960017541,2.697407756709584,2.424043140203748,2.34542003895873,2.526307732376836,2.29932413122176,2.49154214664817,0.0,3.1679217879533965,3.1550860383261696,3.1401866398151457,3.2129639405578763,3.351887009211673,3.218150258901406,3.193319953885119,3.4121082570118375,3.136250500152536,3.352787958646071,3.254016595002139,3.0471602868742904,3.064005734600149,3.167692386411856,2.9690623871932047,3.3159481311786214,3.119649961349455,3.3191826547334506,3.110404146190125,3.027873882514443,3.1603278076984065,3.0972743141648045,3.2155296734173424,3.2528656283564157,3.258380794585994,3.04333932600932,3.391360154856923,2.97301522091364,3.250060154284798,3.0677798165162558,3.1895689887769287,3.486789021092659,3.496499490902347,3.5372071107856105,3.3290945440762774,3.3675736562125986,3.564578470612863,3.2737830077579617,3.77202533969074,2.9300995803940504,2.946967269731238,3.0675747922750265,2.9725025753847456,2.9797229558698564,2.7959657181969817,2.861555258423167,3.2548102946748356,3.177869872408931,2.896507916448078,3.120942953618148,2.863848246267411,3.082777196543771,2.89360033476271,2.815761116624341,2.8668713304368514,2.7120387234469177,2.954123030655464,2.999717540159364,2.7370611457391916,2.980060914460314,3.2933604232610865,3.2434653096596886,3.1650972157955923,3.1913490243588023,3.306411329634791,3.308957346784536,3.1291974678673946,3.2881369840298063,3.248392000746698,3.48150009818394,3.1485227663217534,3.0010671307111187,3.1832098419309576,3.0497993715931897,3.1392107004335195,3.1889226394031036,2.974007859405004,2.9003784590443495,3.3611591657946187,3.248585172950761
6.1755906907468106,3.5320856236569687,3.415607862089253,3.4973484622173863,3.4084143805408313,3.3567595480449763,3.5990491194069314,3.4028646462353076,3.3619437399292122,3.3469597927718153,3.420580335981002,3.2509761224748126,3.319614615305944,3.406319713754064,3.222910294200776,3.1813371207967993,3.2749614218266947,3.1510814990003486,3.2722100116420596,3.1679217879533965,0.0,3.4289807262663285,3.425702606307616,3.4700899027850336,3.584949232563975,3.4582507724941727,3.44578441752748,3.676456531273391,3.3701672745118927,3.5326975328381156,3.771814222249108,3.6202111017205207,3.553241007847775,3.7054001140893225,3.5352153288399064,3.8862673703428467,3.6221449559661814,3.7972136923349926,3.658678861968436,3.5619420735673426,3.720091505668493,3.6991142088993354,3.7859237412451834,3.735753654828952,3.7986000443660957,3.6348725415411076,3.9230009491642432,3.515479597687606,3.7170410076072455,3.6459921375384488,3.7240329690492042,3.966545634199672,3.9939502027116864,4.01905954927823,3.8212909342651304,3.8146162569523523,4.025411947268856,3.793232367456292,4.168949773253938,3.5077269953648376,3.441941599605905,3.533322966458449,3.5140801998793485,3.494679630642156,3.3614377807959794,3.39028858678139,3.768487246133066,3.641043839490108,3.3533680282931533,3.574212346305739,3.5240583528327,3.650273712555636,3.415099940031453,3.4042034475579928,3.4091893384190954,3.2820548387463875,3.3866670773973993,3.5033217062667963,3.2657605010763766,3.58659326877676,3.7789645263266696,3.716312026023658,3.7514316369190377,3.7668214535487397,3.8199221795828313,3.816899497136417,3.650613858585242,3.8641536641733385,3.76880849916216,3.905523614103157,3.715571351301677,3.558490303621298,3.6972550494268983,3.610874409539169,3.600408340183715,3.7563808830930854,3.5399925912898063,3.525266320739628,3.8579337328514023,3.813859290773499
