0.0,9.090481619754893,9.11018108903976,8.975742286015176,9.274450206656036,9.089717010021028,8.928742926994127,8.902648411718603,8.972397331783437,8.998140778826809,9.089979720727774,9.193609788189837,8.943129680455568,8.967705323522358,8.810056956493536,8.889464290856788,9.037897217860218,9.040955921370703,9.394750517191685,8.893056205233025,8.863790821072357,8.690536736702322,9.257694652467228,9.185080280981023,8.98763103363059,9.018310147012846,9.106766132502242,8.92188996482436,9.00487386340855,8.959931081779278,8.8669052818525,9.001265542803985,9.020270937214786,9.307064236489852,9.23435434510169,9.012450613026742,9.019362073445885,8.988204856259449,9.261610837361628,8.963356443209616,9.323089518445338,9.061153338118418,9.255819603536098,9.05521578889197,9.004711189616158,9.124586540156688,9.096941725375776,9.076396521523174,8.929606333019128,8.988927599940531,9.30050398578746,8.977783757492105,9.05363040839294,9.255970857829885,9.03393599223056,9.22704828777765,8.816055770891468,8.849732441279034,9.08988949346569,9.194268257268824,9.272259708930896,9.125618691568603,9.164851292112871,9.132467480384118,9.25899707281699,9.155801286866696,9.176206121762005,8.955393984683111,9.353770314905317,9.00318640357293,9.212102426467188,8.964876089266289,9.015172672659748,9.231954344453097,9.012611877339582,8.704064255168701,9.207555769690082,9.16721309998343,9.012161091901692,9.121431672005789,9.04669916644217,9.356993612682091,8.89256504124065,9.060229207691075,9.224428038194885,8.89453125,8.940993259903108,9.15110243529434,8.885308524782154,9.091004891324282,8.858530586273844,8.94095144785882,9.103880388194838,9.146949601463799,9.039843631843617,9.064511411348372,9.12668667189433,9.009319143026206,9.011454604386245,9.1983976544385
9.090481619754893,0.0,9.152046983558257,9.21873303427994,9.392510502524821,9.098736316845134,9.121763308534902,9.254138742330628,9.30620428705613,9.16073092547026,9.17316548563556,9.200077919008095,9.171981057068885,9.201939453031933,9.110279908554238,9.142960105043764,9.402282892148287,9.128912518049837,9.34144426047611,9.080254782576528,9.1554792164374,8.877053896223952,9.609471861808569,9.381143413550689,9.072332691154154,9.208602233919057,9.347331403674376,9.159112580469722,9.386752886954156,9.154625445818231,9.044793029407817,9.340672014717326,9.105246706054977,9.478343572967116,9.474830211235359,9.32916039322822,9.170383832546513,8.956838746295952,9.395195938673883,9.29294740434707,9.58049362790336,9.3269909244402,9.233274855812985,9.257931582171894,9.458115047227013,9.326640817725913,9.169244392239165,9.15106366755027,9.160677207334219,9.08317995087731,9.320543335888305,9.192491900928323,9.280254888651488,9.317364337528193,9.17538837161782,9.372469547819543,9.067840055195148,9.039683275328938,9.193739660115915,9.313324142957597,9.320271571054308,9.265788445148848,9.185945755678592,9.25950793744745,9.239063292744765,9.459017242935358,9.360180344107626,9.21319723195283,9.260802688248145,9.317487571550396,9.384867853566519,9.218657722657866,9.302092810978747,9.367178540706725,9.212174893029639,8.955359055367175,9.36984151700075,9.354896250750443,9.359990426083094,9.231584104614246,9.299609383203995,9.3641392167932,9.167354581047274,9.186291673570683,9.155291718731748,9.248137415409488,9.247699348340898,9.391828970760468,9.132700140321445,9.39223797698443,9.172873135637492,9.34316780037148,9.422982677425578,9.227819294165943,9.31938664329507,9.297629138268176,9.386561068172062,9.326216663832241,9.310933435768538,9.412732498114174
9.11018108903976,9.152046983558257,0.0,9.09894636153751,9.163786927069319,9.412230355299984,9.148052204204967,9.16653312817031,9.199554216945915,9.067119394480782,9.206605729056337,9.077427428556128,9.006830378620343,9.17359255771909,8.86118584750503,9.271434384410732,9.200852429248318,9.080623210744283,9.381601272908995,8.926817585488674,9.057956161531074,8.888313730493524,9.441527460951349,9.15410539423966,9.196750680729368,9.037918743810799,9.267648305516675,9.106268063372184,9.149184694081011,9.179194634375184,9.00604130055079,9.179246166252655,9.117220554112103,9.245407201485992,9.322315752209143,9.027025970715746,9.028090825318236,9.01204003206548,9.20010404113322,9.216497010180813,9.433629739191185,9.28329291160819,9.379285722878194,9.05656796694221,9.294267048206594,9.280676210693613,9.061067875797239,8.974887993838871,9.085355994262441,9.117572008146164,9.302976513421784,9.144648887271964,9.161572052100027,9.264324746720362,9.036136137012384,9.264269570442568,9.01863753895687,8.857458697897549,9.386745571903003,9.304691189782014,9.30921253319964,9.18086885682987,8.937353172963528,9.280053058341046,9.290091160059035,9.110002708727771,9.41252580819005,9.125048911603717,9.460842343142437,9.152880572711538,9.364403190761312,9.138498851282021,8.98725242645147,9.259453144445393,9.043560995724993,8.846473085900975,9.316150743351653,9.21873344807836,9.161213125330857,9.067805979708902,9.100582531738954,9.48799740338089,8.910700813586876,9.05680426144762,9.22098382297541,9.241689299362807,8.969153631079699,9.185042487281377,9.147211502500879,9.21007934403594,9.113613601687279,9.154116645668221,9.233296752563433,9.176524139121463,8.966989377630329,9.029548458329915,8.942668140804651,9.079116215652503,9.237528048048166,9.184726010857986
8.975742286015176,9.21873303427994,9.09894636153751,0.0,9.074241450950941,9.173767206591968,8.940298642625756,9.133219322365454,8.981216326539606,9.097408856393706,9.241552258520896,9.077268996728302,9.064570749411896,9.023583771812287,8.764977851138989,9.012849747515435,8.973293097501712,9.183477857759817,9.477422286841765,8.975732510992444,8.967453919444655,8.90069128202139,9.209035118828911,9.062250804763543,9.14692874914811,8.965997253540081,9.124948161774846,8.935527023543523,9.003376645216226,9.016717854446773,9.07103122488894,9.259024676706893,9.328491817143837,9.306862577691746,9.339112626914996,9.00848454981621,8.910259428518122,9.092837992551559,9.23267412093267,9.020842683594918,9.274225215991555,9.148366196482376,9.051346854629564,9.04100317798614,9.18966047355073,9.13051407268207,9.1988505101457,9.21924240607612,9.088720235008552,9.014862081157158,9.202731216373774,9.118958864179701,9.351678756717837,9.128978959113526,9.126066798727903,9.12801530740108,9.051526812327152,8.903873380818071,9.268046739667012,9.081075218498272,9.209202882150516,9.194810929794476,9.032137394903277,9.210525827049299,9.077012222031335,9.01266901754548,9.271437675980454,8.776718327879367,9.380519208711211,9.073621778684473,9.442379126023818,9.106445260137399,8.786174004519562,9.127035253683019,9.010957193791336,8.72286441757872,9.480690053298797,9.118394106638755,9.214269137446806,9.034669855584877,9.040899381881252,9.314777684571343,9.044690963838823,9.209561595443805,9.073221113233652,9.059869634435627,8.997836806683429,9.025478749772649,9.152248719096905,9.434704903504452,9.289750749839342,9.084388135041674,9.2706258571997,8.927158161029256,9.080798807507072,9.245878796482154,9.11185710716571,9.086528204546097,9.138625749576372,9.067696600739705
9.274450206656036,9.392510502524821,9.163786927069319,9.074241450950941,0.0,9.150392501000342,9.115068439471532,9.168078180935101,9.030076528163656,9.174785093862127,9.231758069602131,9.252613420139149,9.088458327354887,9.23482485222484,9.158074623551988,9.094039859936897,9.118378627606265,9.093779783429534,9.57518131891188,9.066188719250576,9.126707152487453,9.123200121478371,9.532232915506668,9.200478450109944,9.194184862091925,9.302010382479786,9.358605456677292,9.290497664968921,9.168966478783881,9.197102828578853,9.154225825479028,9.450182344806773,9.328198201005707,9.445820557314041,9.404845883832058,9.151104102720508,9.236266792789072,9.035795869464344,9.330380881038774,9.187729190381116,9.424387734356035,9.294490732869576,9.244236568208535,9.222590070177633,9.40422487478928,9.230277402930998,9.065041231797,9.131294901043566,9.194094412736499,9.20208371655912,9.134695258775912,9.318829938928173,9.229590091220365,9.246400287351062,9.111579536657299,9.28829411311562,8.956771454202261,9.000557776227156,9.294970918459079,9.190234964415865,9.391380952439723,9.305068359779835,9.270034949968247,9.428084976065817,9.269968285367472,9.343845941057399,9.326768837242584,9.042810136297943,9.138404928712301,9.24798768295471,9.470103957059791,9.23339962528086,9.130049053281807,9.409977475341043,9.113643738772414,8.88635988286393,9.34912159103334,9.133982378691032,9.340616881034235,9.070415538955004,9.088940584159564,9.506697853468808,9.247161842221129,9.123669671058984,9.089136165787945,9.21263742331462,9.123711481960326,9.287855475747827,9.296077713318171,9.212074267877703,9.024980844070521,9.33326525890411,9.332139574638141,8.873240551691563,9.350654832073218,9.521504206710116,9.268071023839301,9.297134318862385,9.241112640899734,9.297365319922083
9.089717010021028,9.098736316845134,9.412230355299984,9.173767206591968,9.150392501000342,0.0,9.16844807279163,9.040509924896297,9.15331192529022,9.224658792279765,9.294559273697981,9.318460285229655,9.020867210365685,9.277205591076527,9.093148437738284,9.149973101133405,9.292222444023752,9.189803684532869,9.471199952489604,9.243216836963049,9.165202168317554,9.096942983390981,9.503736062491836,9.292869820695572,9.224145997585122,9.071064026655506,9.35851048216671,9.161527499309571,9.170869268485319,9.097753947655972,9.085963950278568,9.418929871763524,9.118539691928815,9.375081379855123,9.525030789863703,9.356270353184275,9.053161018465845,9.225405601950941,9.339935238468684,9.148064297068576,9.401145995063995,9.41980787789979,9.278004910651337,9.279928505063067,9.28094050344134,9.219359503818286,9.091523517305703,9.309748095782915,9.311847843146184,9.147118086430796,9.379889268689215,9.050549013124279,9.234185799404823,9.393183862576729,9.161688221441207,9.222747660098669,9.102360899128769,8.84001549904962,9.20247669883375,9.23434567003062,9.58102278567528,9.320920273692677,9.203915417961863,9.446358066741789,9.454631691652757,9.37059751773362,9.277840858392233,9.176797666805152,9.177841403464566,9.1828082295113,9.39540382187345,9.112979444075606,9.207078897177304,9.349786651951568,9.061482970949761,8.846611934780986,9.338563225815767,9.227652696096941,9.491243442637131,9.088467561406933,9.383077168285258,9.602252187393981,9.205053881850635,9.132918593000115,9.180815256523468,9.269025876446898,9.133850404159595,9.317252156303415,9.084106365755273,9.288081779073956,9.29629232680377,9.398295844604746,9.367906658955267,9.097931729540022,9.410316779452668,9.370584083681013,9.386498075979725,9.241969979081206,9.205819685876277,9.406865603557778
8.928742926994127,9.121763308534902,9.148052204204967,8.940298642625756,9.115068439471532,9.16844807279163,0.0,9.288202115983657,8.986498135685324,9.23801119452007,8.96735777998175,9.15087274443609,8.979793753857402,9.154566274772346,8.918805825393566,9.049867441460554,9.162217002338965,9.003997762550133,9.446621762287647,8.974008540483343,8.915918289104509,8.950421149718276,9.314665472194196,9.170579341113633,8.959368647402483,9.146067924068774,9.201715591356797,9.112440689375312,8.991644901771354,9.094619552095804,9.035164694116244,9.350577319268222,9.314420156486527,9.356492147835107,9.305270877361616,9.059567733456705,8.938963016729241,9.006066291200831,9.288013601156786,9.224059977618484,9.356416721935364,9.144351453940493,9.137968697901528,9.262276827740111,9.13351210630369,9.027130348921842,9.050151541268349,9.233751201699276,9.119192287080583,9.03070636947843,9.204917124427473,9.179264451688024,9.090275995577981,9.30045681723631,9.064312352454078,9.119507273029175,8.925501739332535,8.738151157111625,9.110557099946563,8.864777171028733,9.212034100329037,9.072628701359621,9.044168808736266,9.253179055429325,9.097384955299097,9.160008410987157,9.348532380979522,8.93370135483949,9.091601979986805,9.252969625985706,9.297702169084575,8.935873670595166,8.857155927305643,9.12777542338151,9.094864085536132,8.797703217839283,9.221141026656955,9.256394521549641,9.305897670043041,9.283774498182593,9.133654527051657,9.396936006541448,8.83531363499953,9.196147559921364,9.054193307129635,8.88935228835292,9.03681030174295,9.163860608256686,9.066563188672939,9.328379360801287,9.094668207643911,9.01463865176928,9.081855677066361,9.029279342063337,9.321828381546187,9.130740097817192,9.14596907414276,9.001767302879768,9.003550359018536,9.339680375505447
8.902648411718603,9.254138742330628,9.16653312817031,9.133219322365454,9.168078180935101,9.040509924896297,9.288202115983657,0.0,9.07106192398172,9.213949938767906,9.115654745435913,9.11120901081036,9.229383433073279,8.929715694673337,9.136798077092571,9.046838737243817,9.223064072675191,9.199695615294155,9.440710469035487,9.163046335791142,9.090209271631252,8.908503946562407,9.433497104189204,9.372962832049243,9.39585367836339,9.0261241265588,9.301190978874065,9.105283155149499,8.983330441995225,9.03935748964956,9.035551848370405,9.234668707654688,9.271476351837165,9.306281759542223,9.34939333329621,9.183174620247458,9.060984517682805,9.104949661442525,9.43679705900843,9.289646447951057,9.290818339625519,9.199372178922218,9.261402834263073,9.038850641693974,9.187323120905766,9.178199679960901,9.15839285398747,9.326211755477559,9.0800930391494,9.192694408777225,9.223606291733311,9.038780583870778,9.281378645599386,9.218415231607015,9.166495258000268,9.266161846800095,8.969820922288788,8.844705806344338,9.10868484735516,9.301089266083007,9.234898792780061,9.342082917884476,9.106717122702873,9.194049187725101,9.405672885768569,9.248966881046726,9.075951005691627,9.002674976821126,9.461465280618413,9.241245973148343,9.217062378632443,9.121824783338566,9.04460661125963,9.188916570746555,9.112014100315882,8.80450812955047,9.463863106312322,8.97728108185093,9.132004649097196,9.219598246197556,9.308652761562843,9.329553338221645,9.08197286607578,9.083475187634686,9.249402825951455,9.288330665294575,9.214413207936877,9.22721034915953,9.024498128277559,9.133297844513862,9.004186292418334,9.078326697415113,9.379316226462171,9.174602980170313,9.17808579776485,9.247686560760709,9.211836572824856,9.209897928241812,9.117628490566622,9.30676871468779
8.972397331783437,9.30620428705613,9.199554216945915,8.981216326539606,9.030076528163656,9.15331192529022,8.986498135685324,9.07106192398172,0.0,9.20568956998792,9.309955428495154,9.284952882843353,8.98937063897486,8.93132691507075,8.818883869715007,8.920383950082783,9.246078484751868,9.173466143127229,9.382301843930678,8.98854607660711,9.082197999141258,8.899828928471305,9.35485465755949,9.30753065818883,9.042002681928379,9.031268162692593,9.31718173528247,9.270415175933584,8.987286382903369,8.965210113020524,9.072072833325583,9.356665828946245,9.20139554261421,9.326170443389943,9.30337384461025,9.0597235274078,9.089569284371544,9.014065242296775,9.496384585221351,9.143342277734794,9.374486883744416,9.33411208945635,9.255275562208933,9.275780707145397,9.31699380681298,8.970766698079222,9.098252902155558,9.236966410132391,9.122015896238642,9.172422740379046,9.365234171337327,9.123915934508629,9.202806658331196,9.331503915877185,9.132039738211471,9.08556928733155,9.208854096705739,8.729598757687254,9.057786860354861,9.262171804608569,9.434205547578706,9.086625602034177,9.083246306489517,9.291636605207,9.278395088455786,9.396435455404253,9.28824072203392,8.90878356233593,9.393574941581372,9.304115976097874,9.448689477865228,9.264668561644767,9.131454484283166,9.238653285981362,9.1119002282204,8.802352798821566,9.464723643738562,9.095465114920637,9.161576632281157,9.244020746172309,9.220953623013914,9.628783039906438,9.211290762018177,9.095967550040331,9.108674796202175,9.14450705491246,9.072047183524656,9.355984540191834,9.12396819669473,9.303648973188347,9.185513859113001,9.069578997042463,9.302317127623155,9.316630631469843,9.391625070240025,9.406166050938715,9.319667848226649,9.364221098403496,9.127409734391936,9.189240375127588
8.998140778826809,9.16073092547026,9.067119394480782,9.097408856393706,9.174785093862127,9.224658792279765,9.23801119452007,9.213949938767906,9.20568956998792,0.0,8.981673337002253,9.121925149474599,9.068839545829874,9.050786307724094,8.913566929969116,9.038857816259673,9.1608970749204,9.113943429918248,9.37519286910983,9.186668721693868,9.088558642235817,8.837185097874864,9.460518963956618,9.052815070096118,9.095476019483318,9.062745821019492,9.324559538310433,9.100506661531655,9.029633796507111,9.107170767434145,9.11982182981222,9.21596679053681,8.98687677464188,9.164805090330617,9.292661696272344,9.065534833310434,9.057449090842471,9.215892698087162,9.207054866457831,9.113516074048128,9.434878762117688,9.223909854312772,9.206558493775859,9.315153627137233,9.192065291927308,9.29052558586548,9.141288537614907,9.283456867521538,9.110714534202598,9.00232454586058,9.1851425779487,8.951707338269026,9.346666168053252,9.20751723963967,9.007147176345441,9.208040074530528,9.01546886712183,8.911210241530046,9.114997711934667,9.17882766917274,9.327116485211866,9.219238682095252,9.200216821520474,9.313329877295248,9.288509317133329,9.186068261103673,9.143594686528045,8.993061782134333,9.37645944043825,9.17072160217449,9.225917086205738,9.192964965580932,9.16352050427272,9.214681057142634,9.007942086286013,8.681680829842225,9.24827972086756,9.139455554197331,9.167738649514437,9.125314785479022,9.121600628314141,9.399406300727314,9.116293738325762,9.26794877913953,9.096294243796567,9.193333441181288,9.126760234627131,9.173863262054809,9.175974149206942,9.255345629931504,9.03871938833994,9.023834457583488,9.279694192385826,9.077734198505205,9.199751593511872,9.23212788926635,9.095835862717836,9.141181289829841,9.241466400572484,9.191814629155541
9.089979720727774,9.17316548563556,9.206605729056337,9.241552258520896,9.231758069602131,9.294559273697981,8.96735777998175,9.115654745435913,9.309955428495154,8.981673337002253,0.0,9.299169638695613,9.157758464826294,8.969507484480971,9.0957788255788,9.057829817669317,9.263644079061715,9.005113208828003,9.34358301938484,9.128090948964005,9.067192178344046,8.883806614199573,9.474354309788206,9.341223742023052,9.166550190503488,9.115984081353169,9.079371670396538,9.115310750363017,8.99991310925395,8.925637649282491,8.964733540308405,9.307063826618679,9.080473236657888,9.184161559302149,9.42604147421043,9.109384212849115,9.0130656029178,8.984614466917355,9.34951532913062,9.069311909845554,9.280264753971656,9.08070386805218,9.337576673568234,9.060526034344969,9.227755218341507,9.112298774328941,8.987218469871271,9.013842639566068,9.046850543738532,8.959424849851509,9.213341733245038,9.23339962528086,9.261053131395968,9.195395055252817,8.940890862713028,9.144625526799368,9.050337002206915,8.885822413587857,9.232208875729452,8.966703068353253,9.237566452922977,9.016629009438486,9.148767740623597,9.25825173667937,9.165996688865482,9.04565126249599,9.283187715311742,9.086894699149843,9.277988875596025,9.03108188776276,9.2882218297315,9.041556737087948,9.105578513120062,9.113631600236221,9.002469889498554,8.669425769696026,9.361313658905472,9.213237394430516,9.100253896000908,8.99813060419314,8.991003414248018,9.32133934842709,9.04065001319777,9.140129610641,9.195125399673604,9.11087657140706,8.95411130788337,9.160877919999628,9.01569989204704,9.179765209112572,9.12612824454269,9.123205975317362,9.127999008860689,9.18434888298005,9.129890281126611,9.061807540220444,9.130733413235445,8.874895122069578,9.289422235990548,9.207922418554213
9.193609788189837,9.200077919008095,9.077427428556128,9.077268996728302,9.252613420139149,9.318460285229655,9.15087274443609,9.11120901081036,9.284952882843353,9.121925149474599,9.299169638695613,0.0,9.161152747636475,9.158136687685548,8.944856617067842,9.28193266441943,9.149981022382557,9.351776655990836,9.543933271585697,9.123637058422926,9.194992643252775,8.902727682045771,9.50611961420794,9.154889627371565,9.215332639240728,9.118021347499523,9.015382971729661,8.911499189814169,9.288784064634836,9.1842055869402,9.13166419414281,9.277230262463762,9.237820416624514,9.472921226964026,9.391938636540331,9.112209605337311,9.289434144820502,9.049244413921564,9.328689328093102,9.266110386606526,9.618407927361416,9.31146398324294,9.415608664522836,9.27545375485202,9.321861528469356,9.273830338009402,9.286769882398982,9.241139059826276,8.847309595857993,9.197798789029719,9.35852271069853,9.060459091310578,9.287513340649067,9.267167527455927,9.068595993238105,9.288223061839352,9.222552430191802,9.01571766294993,9.322275241261016,9.331927829455184,9.443735248142639,9.236884226426266,9.214257545470378,9.308980596766574,9.39849229449426,9.198650211332597,9.369877751060802,9.188061755386757,9.402275994900242,9.167399937749654,9.26349583264892,9.01643523966941,8.889833760375351,9.308410156078699,9.10820321714039,8.967866116343624,9.403398962520937,9.126262002708987,9.235190831532623,9.244185398621234,9.151738953155254,9.460192347823194,9.212933480197655,9.23178740779248,9.189292265794544,9.092462507521468,9.01970507560413,9.210282293543331,9.354189956964555,9.389494816817306,9.191775618109478,9.135973459208563,9.45691427152972,9.250483319826625,9.116689163356922,9.368915261712656,9.189369478564577,9.020094585049659,9.435235768714552,9.249812768639309
8.943129680455568,9.171981057068885,9.006830378620343,9.064570749411896,9.088458327354887,9.020867210365685,8.979793753857402,9.229383433073279,8.98937063897486,9.068839545829874,9.157758464826294,9.161152747636475,0.0,9.083114434733973,8.888339910508941,9.073293427718971,9.047185757427252,9.345438826918498,9.359267805756136,9.054042473924502,9.029947259522928,8.602760280051697,9.560474056477029,9.16318579965633,9.13756542678141,8.939562152833606,9.231140706339296,8.975214844578801,9.030211286639291,9.164463772651096,9.06922442130549,9.067085737005415,9.322001890059948,9.377571261975966,9.290836816061068,9.020501416261807,9.156377068897504,8.928233644907957,9.290723903936641,8.957240784727512,9.438900471032142,9.190206323742096,9.072920917870583,9.017726395453664,9.374683018729762,9.237053548841219,9.043127360920021,9.203678341148404,8.956197747279752,9.103965448618993,9.076730223774186,9.083831306829596,9.114978879066056,9.412646580500835,9.04066267167229,9.05248891421537,8.98999442128994,8.924602459086588,9.129329960481423,9.21376735712015,9.37975912732417,9.284871945584303,9.174745594624094,9.37295265730673,9.332090930899577,9.258639450803798,9.477671030846412,8.966742207753745,9.404121031261,9.226426061385359,9.225384513470791,9.188209143019078,9.106140295243653,9.367920096847431,8.987072030649472,8.857127932346971,9.444202594527734,9.131167900870443,9.35716361539612,9.166350018205174,9.064272792660514,9.512294643757016,9.092840929244874,9.388932924587456,9.103034768932531,9.061097766651478,9.070675023709216,9.099284686804971,9.256936848751716,9.12924430067817,9.189060623591672,9.267681646221083,9.025664717692067,9.078646882858305,9.180441707713767,9.280656480917548,9.14892118170566,9.126912373852424,9.059364776237116,9.259121495670204
8.967705323522358,9.201939453031933,9.17359255771909,9.023583771812287,9.23482485222484,9.277205591076527,9.154566274772346,8.929715694673337,8.93132691507075,9.050786307724094,8.969507484480971,9.158136687685548,9.083114434733973,0.0,8.940113885824045,9.039962209436878,9.151900680830039,9.126537454757194,9.460574608544036,9.032544528356242,9.061557904965296,8.695605112860669,9.331427879196648,9.290059952886345,9.067677669630328,8.868748571975088,9.076578924525723,9.029355388289208,9.074224215048936,9.065719137981803,8.872155821770786,9.251251548433993,9.179630983868579,9.092481387027279,9.336158143313186,9.003145304070735,9.042172278639772,8.999077643708826,9.29564559886022,9.055398197276057,9.239080634019494,9.127658822426115,9.215772244844578,9.030368431914242,9.036092232242313,9.015560262305483,9.026466449149256,9.100103826244924,8.911086097908377,9.101135820202522,9.119405207060733,9.056563333654985,9.148134351963904,9.295947629692433,9.166721228234874,9.134676466517531,9.04425696143,8.86454952844673,9.250998778161993,8.98793237996353,9.358252864048955,9.001475319210916,9.217895468207098,9.321119991345805,9.17835927890897,9.00434728109129,9.121507786373643,8.928223817870618,9.226674130093123,9.108253475396385,9.12150945920976,9.153436951223268,8.991743327024079,9.197518420355212,9.02359180401076,8.867339360621413,9.397317998838236,8.86338411341258,9.021631312737666,9.141788871548755,9.001777049631341,9.361337293639886,8.843600322413812,9.083127873981388,9.015053769002591,9.048319067202181,9.063763550114423,9.187586777465398,9.260089629627268,9.182215825353863,9.014041966603195,8.99956765725877,9.269910673597906,9.067848468875745,9.157116116645593,9.02543352517666,9.226935008488946,9.115451363056362,9.155980441451275,9.172559982274194
8.810056956493536,9.110279908554238,8.86118584750503,8.764977851138989,9.158074623551988,9.093148437738284,8.918805825393566,9.136798077092571,8.818883869715007,8.913566929969116,9.0957788255788,8.944856617067842,8.888339910508941,8.940113885824045,0.0,8.983621741520874,9.16436845117473,8.890531891400633,9.490666271493033,8.90308374707997,8.931700205150612,8.715409708903131,9.250619403617574,9.21164856577347,8.955941334827461,8.854123774405913,9.179519612826459,8.760844894145619,8.945453652680008,9.06224406966205,8.831769504911835,9.147369139955881,9.047237619567747,9.255120174837472,9.18849975959249,8.908018773100675,9.144869974504063,8.831683118691723,9.247500520094098,9.026285146579587,9.152957259100146,9.1997055670022,8.998055989861347,9.119580057079409,8.999510857747266,9.10475525746518,8.75614451876487,8.976881215784505,8.956781249918228,8.817353339277494,8.942133202755388,8.95898799426295,9.052110912659966,9.124418893365295,8.89434425582971,8.885280189196475,8.892514421924803,8.695001889667887,9.172595332126733,8.848830202884033,8.85688286500802,9.105891875357576,9.124826926066273,9.093111940002606,8.92884888136155,9.006100600285395,9.111123180639858,8.789839809377172,9.104969771961896,9.044112289332258,9.273661275733078,9.036859268543088,8.910318937576585,9.342084959558095,8.878305168968897,8.649781382008621,9.155022965323761,8.964763752366382,8.91763124566672,8.921809582044537,8.779494792332516,9.366513085605149,8.903946642253954,9.113030094588892,9.07945359926096,8.980766089031516,8.647274280258916,8.981746813280315,9.030368009484373,9.167687469055293,8.909501616542633,8.845471757089541,9.148336173782376,9.01880715207333,8.967590044354909,9.149770064669829,8.938248182871925,8.889581012271076,9.034844234371475,8.866170009766892
8.889464290856788,9.142960105043764,9.271434384410732,9.012849747515435,9.094039859936897,9.149973101133405,9.049867441460554,9.046838737243817,8.920383950082783,9.038857816259673,9.057829817669317,9.28193266441943,9.073293427718971,9.039962209436878,8.983621741520874,0.0,9.26096498277093,9.361560190700136,9.463295552159382,9.093416922325853,9.052458152136987,8.859964879226824,9.273581062626112,9.369676629901685,9.06034583435884,9.066168101945516,9.271986528888755,9.212197668117247,9.115517902235537,9.168808380544368,9.02014533422749,9.150144865629818,9.204523831908306,9.251250723746129,9.400335232864537,9.218908069354578,9.18063035383996,9.062902402165207,9.164477092603777,9.12376332721189,9.3464012849856,9.241767725436404,9.163072147174026,9.161422153999293,9.248906251319836,9.18590464332234,9.062432650611811,9.185976901280526,9.067895585342814,9.120468059374492,9.311707738163637,9.06921348517864,9.16858495812071,9.15003480331389,9.03907262855958,9.161067801792703,9.067120656633676,8.859908476414935,9.263278400285257,9.176116326629897,9.33532580043637,9.140206821363764,9.213336764756855,9.240896745903886,9.175163862131981,9.326071457247343,9.322124653566945,8.904572553105265,9.167820204777628,9.275845684970546,9.273580651275058,9.244066964699659,8.984795761207122,9.300470762745906,9.010761608658083,8.858853117895856,9.472374351475567,9.101744817782322,9.272027259556193,9.157552685035409,8.977600621950504,9.407431696173195,9.128418582529566,9.066527425407374,9.264720441591308,8.876918101897356,9.066428129012808,9.186143009374058,8.875305600344797,9.255889255002941,8.821717548215217,9.258622146162471,9.371027397248419,9.094212680857424,9.19322306603059,9.282971976990233,9.157219845180563,9.092783034258844,9.048623029795836,9.220758355122136
9.037897217860218,9.402282892148287,9.200852429248318,8.973293097501712,9.118378627606265,9.292222444023752,9.162217002338965,9.223064072675191,9.246078484751868,9.1608970749204,9.263644079061715,9.149981022382557,9.047185757427252,9.151900680830039,9.16436845117473,9.26096498277093,0.0,9.177088644752885,9.537939107043407,9.165985868199622,8.77175335502468,8.91195249868777,9.212490012423563,9.062972273523961,9.185138840142555,9.118863067030555,9.374105995785136,9.166776991671558,9.311262419732412,9.016111152539182,9.124119128207537,9.355938059079486,9.352025478697072,9.276908295701508,9.166847735841879,8.938523027250723,9.184436520905514,9.045804344164766,9.491376476412269,9.217195644915032,9.406619042542514,9.116097902435936,9.248872018033174,9.12007279818743,9.444281762411183,9.19506109602162,9.3027189976647,9.087484501926477,9.1935438142084,9.024630856559616,9.592760264882664,9.173508142905266,9.395149245525753,9.501174854111381,9.092868198494648,9.42220375411105,9.360643711615179,8.812442860519544,9.284914673971414,9.19748855809928,9.455394226602545,9.269125471786362,9.328409621914057,9.381061273006917,9.228343045674686,9.320696404761103,9.362101722873641,9.023363517689138,9.322582547187292,9.352727041499339,9.409499510084128,8.97678262757729,9.02125497820763,9.433228189086853,9.150601359966647,8.854237084202214,9.411697381844673,9.139623342553564,9.267475014244626,9.39976140794899,9.045385577416843,9.523078993072607,9.07505570491792,9.134806341113556,9.19812974578596,9.077047523729666,9.146681020000678,9.191226540821798,9.147613931359754,9.44174159649585,9.176118820950988,9.254686148013999,9.1448641345327,9.208753021020188,9.289289184576369,9.42388256946708,9.178942788941232,9.367389896296528,9.39232408128836,9.317676718274225
9.040955921370703,9.128912518049837,9.080623210744283,9.183477857759817,9.093779783429534,9.189803684532869,9.003997762550133,9.199695615294155,9.173466143127229,9.113943429918248,9.005113208828003,9.351776655990836,9.345438826918498,9.126537454757194,8.890531891400633,9.361560190700136,9.177088644752885,0.0,9.452198027252006,9.168014519751537,9.197754826459349,9.005310611059462,9.258841747902126,9.309749734794792,9.004016403881502,9.18613138190528,9.143013510048089,9.253386831138082,9.283866539189395,9.257250444436275,9.084953746856366,9.312844494073804,9.15883602559572,9.374882811767568,9.301036358586606,9.22029499103362,9.13571040088337,9.09043000432731,9.478593097702655,9.162828601393548,9.352471303480266,9.24474412216354,9.282647743682876,9.141625295827675,9.32614017501157,8.987757939867125,9.144180414964797,9.379367878971484,9.215946922228873,8.945039570072133,9.220868814373976,9.200750021838191,9.267971417168544,9.277952693830942,9.087221299296216,9.096696828435944,9.092128124000574,8.900095529793662,9.317481430358642,8.90046455799609,9.309527236293004,9.077400953403329,9.125448137540287,9.10871918871084,9.296138856096974,9.220073229980928,9.22924124958107,9.099241086733123,9.325081947109767,9.149177189086716,9.132797045405017,9.146091280857274,9.233561575188252,9.216422921993694,8.998737246619184,8.842158197899407,9.347501990212747,9.0877489562217,8.959485309668192,9.196715838512977,8.900542561998634,9.431936885425205,9.171805958268678,9.22954173362865,9.184116285378762,9.031607333707187,9.14284077711003,9.172927614081754,9.171672032464624,9.352609166311476,9.175119375341,9.257013909385396,9.06859683453638,8.99629177417202,9.289653839462009,9.342046167683025,9.3390852597441,8.961319773068881,9.358192942362557,9.387659096417321
9.394750517191685,9.34144426047611,9.381601272908995,9.477422286841765,9.57518131891188,9.471199952489604,9.446621762287647,9.440710469035487,9.382301843930678,9.37519286910983,9.34358301938484,9.543933271585697,9.359267805756136,9.460574608544036,9.490666271493033,9.463295552159382,9.537939107043407,9.452198027252006,0.0,9.325342936000983,9.448642645340941,9.216369114557084,9.676620576358701,9.435093452868152,9.499821711423227,9.354620590467663,9.535385085332733,9.356079948067402,9.273767402777596,9.319946588846168,9.526860861840031,9.51649889511385,9.40369266458557,9.645983920696729,9.576990654688977,9.33980331507872,9.55491466985156,9.244023634837038,9.550518832667915,9.392440645762937,9.719213542125793,9.443042062598053,9.592020580966432,9.444766853165012,9.664860611496083,9.47425526130406,9.405911360313066,9.424826898174144,9.416764070350315,9.273888336766435,9.571056252987523,9.368898567920168,9.569398872206687,9.483910437680304,9.43533886550112,9.567312986581088,9.250876720223518,9.025007895680194,9.305280716160205,9.576423829989045,9.756103561446043,9.549888522311358,9.429195565047225,9.42891074887,9.510164144003953,9.655976621838123,9.636208881424547,9.35606119274989,9.637984991672639,9.443422593829238,9.65030030094595,9.548075249326269,9.462352240553953,9.609312674467597,9.258018935593965,9.01781438361448,9.665456586493502,9.533701897101302,9.440055450664529,9.35669966784851,9.548448398629438,9.693365474824295,9.270312302481878,9.512230880078446,9.482046730800166,9.44538600441829,9.595642499617664,9.299990040763527,9.519293618161461,9.616314424601192,9.28303279515787,9.534551730248117,9.645588838075316,9.482018971551126,9.54871766433604,9.512339959822214,9.506542562964984,9.44281704912481,9.220302438140587,9.358787250691776
8.893056205233025,9.080254782576528,8.926817585488674,8.975732510992444,9.066188719250576,9.243216836963049,8.974008540483343,9.163046335791142,8.98854607660711,9.186668721693868,9.128090948964005,9.123637058422926,9.054042473924502,9.032544528356242,8.90308374707997,9.093416922325853,9.165985868199622,9.168014519751537,9.325342936000983,0.0,8.871981685113878,8.601215241202157,9.299362439687355,9.145626636391059,9.159092588831125,9.008262656114272,9.083615873183044,9.083430671753634,9.063603616799497,9.10875394873169,8.874788953394056,9.181920439857187,9.190337488994683,9.270829538637448,9.368204731307664,9.06503323632537,8.982892625669997,8.904090592793178,9.290432379015655,8.91575185295753,9.43772190666782,9.059812370866878,9.081661618822244,9.06924250794788,8.94382791651835,9.134005348746928,8.994480135760913,9.158568625743923,8.841926952944757,9.014481232284364,9.274639819778507,9.191151418853726,9.206013613150255,9.201546033241124,9.062229757554757,9.234866572946096,9.023837416733128,8.700882299123643,9.167149016665432,8.926249218449106,9.347192646777778,9.009240387153381,9.163357316484516,9.198584273502023,9.05050644274215,9.089529414821769,9.485872706602137,8.769230663695959,9.405146435860553,9.0620516962123,8.999081458796269,9.244595160030078,8.987488421139533,9.075893002965026,9.083006500057023,8.77123147841563,9.329142401593984,8.965871741169487,9.159269180129083,9.127781274286262,9.1089042947641,9.290895529823471,8.702303123362165,8.912556446640368,8.899035935210728,9.039867263089505,9.146058748171258,9.15611792980156,8.995422470748448,9.127912500736066,9.01020615759936,9.008961772141896,9.084600611018558,9.167838096906694,9.212091245861078,9.1659450824981,9.178408321778296,8.848467212420315,9.092949166708227,9.077730836698931
8.863790821072357,9.1554792164374,9.057956161531074,8.967453919444655,9.126707152487453,9.165202168317554,8.915918289104509,9.090209271631252,9.082197999141258,9.088558642235817,9.067192178344046,9.194992643252775,9.029947259522928,9.061557904965296,8.931700205150612,9.052458152136987,8.77175335502468,9.197754826459349,9.448642645340941,8.871981685113878,0.0,8.725119830950927,9.363640986388397,8.949683787977381,9.119324055434555,8.904169850281173,8.980711719201237,9.175747575369243,9.058177259048735,9.029299198639654,8.864748769815934,9.135574693230083,9.231153516839855,9.244509742987109,9.121173212983624,9.013316157999924,8.956642405291703,8.976552725870441,9.08123484411373,9.143115729694228,9.230612980913996,9.084746737857673,9.192146216362547,8.998953440534201,9.273894506825624,8.9290847107625,8.965192242001013,9.096076589055572,8.998119157716507,8.768241831709247,9.298564956040218,9.066688148622681,9.047899152009897,8.881744401071055,9.052078042213523,9.120163563382597,8.841811759637903,8.797962941300895,9.095048634722563,9.071762087411985,9.055211154912877,9.0203656669304,9.055268868846985,9.282970744185416,9.097686439945615,9.148466688414153,9.230465857093284,9.05568128107187,9.029289481597125,9.035136828502688,8.98788314660528,9.059990476220117,8.791267518539037,9.208059959899135,8.93752176775649,8.773576635138959,9.216180786055034,9.15150344253823,9.122700440663287,9.113795678392208,8.947668733074327,9.375571271657098,9.007726955090332,8.869679750254251,8.927886701213621,9.014959406621161,8.951212573890128,9.095034793663476,8.914861430975588,9.155536298309782,8.915857533853087,8.893664438850777,9.131069725184004,9.04903827425682,9.172862323083356,9.139402545792748,8.962338378811001,9.028327442618195,8.947500755819506,9.188179250507313
8.690536736702322,8.877053896223952,8.888313730493524,8.90069128202139,9.123200121478371,9.096942983390981,8.950421149718276,8.908503946562407,8.899828928471305,8.837185097874864,8.883806614199573,8.902727682045771,8.602760280051697,8.695605112860669,8.715409708903131,8.859964879226824,8.91195249868777,9.005310611059462,9.216369114557084,8.601215241202157,8.725119830950927,0.0,9.159965099951211,8.908715479058493,8.903427372755594,8.772273026294357,8.948423739103484,8.79974697789658,8.8411110758859,8.750941634600673,8.759371289549472,9.064608624568496,9.033322423198722,9.14171042233349,9.136702466985277,8.872874690506876,8.894288071033417,8.711963924953288,9.168789658203897,8.736553650607396,9.223568655894528,8.927842264101432,8.987532138899638,8.933387503768124,9.018616812945874,8.852014137860095,8.831794988685367,8.937462439824921,8.731996597995348,8.780086127968836,8.862828034220238,8.91407790588064,9.061893837486455,8.997258934528945,8.860301135867884,8.816497112679764,8.80469746491783,8.564260482796369,9.11867732645925,8.82528775964429,9.077734198505205,8.967863564099137,8.976471982653937,9.059728580139737,8.940863983256307,8.877600490352593,9.138323528371037,8.791430670537263,9.023062086346435,8.895070766191063,8.973135802922817,8.917295867491383,8.81487615488593,8.998644408814533,8.839857559092176,8.50245406683808,8.970807945923083,8.84757821088652,8.905221123410465,8.83130560099491,8.885800519182231,9.083490306186171,8.829913310989516,8.86159093415383,8.874255081936587,8.819477754731906,8.97407952904111,8.893173308450736,8.94458452619189,8.858149475696889,8.701991447442774,8.84104764918481,9.035334419179307,8.988175147407217,8.99170938740346,9.133227258145162,8.794166486755714,8.872514403528479,8.85641166200259,9.062806012478928
