0.0,8.938214466908104,11.688723250240084,8.007157938186952,8.751400644732756,11.382415701731828,9.214893426635916,13.76872836754996,8.842440343067242,8.807960152517712
8.938214466908104,0.0,12.215715036282413,8.29205239579263,8.04136074716311,13.929551667873907,7.7834146085603075,14.290846790934157,4.71669699363709,6.232057374859057
11.688723250240084,12.215715036282413,0.0,10.708876619522163,12.731767970294387,12.661764568274908,11.68312423308522,14.707374145239077,12.994516243114944,12.345834599491758
8.007157938186952,8.29205239579263,10.708876619522163,0.0,10.242701839798126,12.013035369914972,9.157743052330089,14.013983146586574,8.108253474951464,8.23544785171756
8.751400644732756,8.04136074716311,12.731767970294387,10.242701839798126,0.0,13.289367923444948,8.512100582302947,13.761757003033692,7.9932341575461985,8.083230978196466
11.382415701731828,13.929551667873907,12.661764568274908,12.013035369914972,13.289367923444948,0.0,13.150083569163222,15.58578477368781,14.845380255871058,14.210322236200016
9.214893426635916,7.7834146085603075,11.68312423308522,9.157743052330089,8.512100582302947,13.150083569163222,0.0,15.097136755292635,7.135354532310067,7.087140335564573
13.76872836754996,14.290846790934157,14.707374145239077,14.013983146586574,13.761757003033692,15.58578477368781,15.097136755292635,0.0,15.688864599202498,14.714948483168559
8.842440343067242,4.71669699363709,12.994516243114944,8.108253474951464,7.9932341575461985,14.845380255871058,7.135354532310067,15.688864599202498,0.0,4.8039671319096025
8.807960152517712,6.232057374859057,12.345834599491758,8.23544785171756,8.083230978196466,14.210322236200016,7.087140335564573,14.714948483168559,4.8039671319096025,0.0
