0.0,0.5562432192271266,0.4597829972633687,0.46006668397887013,0.47943377478918553,0.40727765977129265,0.45424623543350356,0.5105989448595483,0.4503459719700429,0.4675782180569332
0.5562432192271266,0.0,0.43010770884809313,0.4264503785779652,0.48778093263976374,0.4642934828019239,0.4812607943575196,0.5067813968896991,0.39324365256534793,0.4668264658977884
0.4597829972633687,0.43010770884809313,0.0,0.3868814376640546,0.4309476061736241,0.42824950182986526,0.3904306500467378,0.4928259568684214,0.36624501387681524,0.4355037479688274
0.46006668397887013,0.4264503785779652,0.3868814376640546,0.0,0.4337523058794276,0.3676003306509301,0.44336710515614464,0.46711251030185685,0.33444593559509533,0.4081134241282184
0.47943377478918553,0.48778093263976374,0.4309476061736241,0.4337523058794276,0.0,0.42385591688315866,0.41078660754703583,0.43135670779168395,0.39283466971510905,0.3177112464562777
0.40727765977129265,0.4642934828019239,0.42824950182986526,0.3676003306509301,0.42385591688315866,0.0,0.42752874997154383,0.4649878046272117,0.336759349296027,0.3974239697709546
0.45424623543350356,0.4812607943575196,0.3904306500467378,0.44336710515614464,0.41078660754703583,0.42752874997154383,0.0,0.5206843321972537,0.4096304475062957,0.43819455804065993
0.5105989448595483,0.5067813968896991,0.4928259568684214,0.46711251030185685,0.43135670779168395,0.4649878046272117,0.5206843321972537,0.0,0.4500238418885888,0.3566655771775109
0.4503459719700429,0.39324365256534793,0.36624501387681524,0.33444593559509533,0.39283466971510905,0.336759349296027,0.4096304475062957,0.4500238418885888,0.0,0.36819528705325116
0.4675782180569332,0.4668264658977884,0.4355037479688274,0.4081134241282184,0.3177112464562777,0.3974239697709546,0.43819455804065993,0.3566655771775109,0.36819528705325116,0.0
