0.0,3.04829131244655,3.109307983289647,2.9934879196226527,3.050678559161172,3.1558429719952166,2.930295672551946,3.0672996434422792,3.027266884104812,3.0133147408184704,3.134660817708614,3.3251243281244918,3.1440929794540344,3.213968818423088,3.0575390552637085,3.11873242329325,3.082555380615334,3.0837380598971285,3.019894912356595,3.198952092013807,3.4351306032008977,3.3411004808439544,3.497379548164376,3.4202290238553554,3.4366068286539524,3.385707259788834,3.4487403892170247,3.4493343208625165,3.355222468724873,3.491220771402234,3.462288414174539,3.535746049944722,3.3495455988826515,3.31652486744033,3.5233175929742573,3.380421698859712,3.4244741384181636,3.338911602375325,3.4555556084352457,3.4528671789798504,3.368292465704468,3.329725713344996,3.3990323653221974,3.2918403837181174,3.308197249937589,3.373655121901283,3.3350292818765657,3.3252278644240003,3.371433917196067,3.3827648555933214,3.517049678778104,3.567392302760782,3.354046379128095,3.4574261283568206,3.555112976768515,3.5228383301263655,3.4683370258458903,3.4649349918845287,3.447671026755312,3.466944456585838,3.4063003956277704,3.3953401328312816,3.435732022707876,3.3717955458845768,3.3905816844511425,3.2584004043219204,3.2545600591460695,3.4195342397033994,3.4451094587014333,3.3505502163554177,3.348283635465764,3.5608289045084174,3.369889664244533,3.3804391900664057,3.3241619459379934,3.3565574007960697,3.2613140654640653,3.3459273049984923,3.3207589601032406,3.3643363334450638,3.3946280339428303,3.369226957680114,3.353828855448379,3.5044723274617695,3.3943810819326585,3.3889250119339067,3.410490563643974,3.3066957112031425,3.264205405036505,3.242918074691397,3.3206274264711073,3.284345347581861,3.4067806565485688,3.314277891563241,3.298930173913719,3.3576564917661273,3.380367108785839,3.361571547512111,3.2914149192118205,3.3017507359525613
3.04829131244655,0.0,3.1238567549898635,3.0710678142188996,3.1294853065147,3.184167353904455,3.0297917269897523,3.118339153741746,3.0559709979373784,3.06592057384873,3.212952809761056,3.3901147414512502,3.261451061479878,3.297074876846183,3.161287876081744,3.1617987175611124,3.2425360434829607,3.2572985639378143,3.0910702283440887,3.330300779534114,3.5363954848415244,3.4090994019836063,3.6198048689713525,3.4323507409036074,3.5265751505072584,3.450331857172811,3.4993635688890725,3.5604912967497837,3.4710027579316107,3.551704916089472,3.5088760360950526,3.5158410578140527,3.475887756019151,3.322864368629073,3.466541721464323,3.4425200825910904,3.4923943579936108,3.4226799283822724,3.50297610590063,3.5131560069386834,3.453073216390922,3.4264832563582615,3.4517282276076116,3.409210598318403,3.374258737046721,3.458329227552313,3.444991946716197,3.3847692878117805,3.4048789528548222,3.4864112822715554,3.5520166444903967,3.6818865706560335,3.445851809272605,3.4785242610697824,3.5565396692065923,3.641357610116174,3.513730229417459,3.532266926132731,3.5821408054317136,3.545350810180642,3.522268570823322,3.4642144871441567,3.5485886790608996,3.4643872292523166,3.5572146644282294,3.3321388647627668,3.414509270458119,3.503896043437267,3.486390082826554,3.4349527804975786,3.4409105894383942,3.5877225002712567,3.3912994135945125,3.4408981173264634,3.391990140693659,3.4122990084414133,3.3812287391656985,3.377050412719844,3.368746155575627,3.381216611009837,3.484610100585227,3.4555538145458202,3.4236593253811822,3.5577768169049406,3.466005769111776,3.474152078711527,3.4987296114944555,3.377980787955489,3.3540897400052954,3.3536524092117124,3.426707578580577,3.393537966460604,3.464990176232354,3.422513579960946,3.438259526352925,3.41866301542713,3.432677336555158,3.453031374667551,3.4398522391854565,3.4259411764712353
3.109307983289647,3.1238567549898635,0.0,3.085845405073571,3.1308470384874703,3.2142309668586337,3.02962300791177,3.171779236498885,3.0849725301004884,3.0675735487200044,3.240263659969757,3.3774358648144687,3.28905742581445,3.303687988345876,3.182716969707664,3.1770751119205016,3.2341410234380414,3.2411126618688018,3.109275624589748,3.3083204856898547,3.611412629149225,3.420074267780065,3.602534165124416,3.576993938403583,3.501902063426191,3.440544722033702,3.5365392182229236,3.557227667050836,3.496757913083198,3.561038604278548,3.5271693595283877,3.5109336917518705,3.43796314240605,3.2868431740565724,3.5260687432125244,3.4381727080579547,3.417102568817669,3.4425200825910904,3.4913014903029223,3.4909973164539627,3.5018801407620552,3.5017756998504326,3.503791118248544,3.434111711234691,3.422040682748703,3.4839516968471815,3.48460982690343,3.457282967751411,3.445071534187844,3.530487923550018,3.5922844593689858,3.668889426810199,3.4495968292841024,3.5400259967431293,3.5776414836041184,3.6279674091662755,3.4932497870911274,3.539512353057795,3.5904086294294886,3.5191507927689165,3.4857099909387435,3.3850606095312674,3.5061696034834244,3.424448378198493,3.471507720336505,3.313542471898275,3.424312472426177,3.507062870120179,3.4767129586912042,3.4046230805505733,3.492587277872192,3.5602105798483,3.414036661220514,3.464120197977073,3.4061083282966496,3.3839952194144027,3.366236435118838,3.4082355836563254,3.3946263483244765,3.4376312230812833,3.5317246109687215,3.4426188416422994,3.490657599287542,3.6248601689170936,3.4894939506053073,3.465408227606087,3.5757050305861746,3.4004213352558508,3.3523744964434234,3.364131664906367,3.4332365472972097,3.4485198508464654,3.5137374218715944,3.464619281985252,3.423811133995918,3.4130307521915584,3.4565564535357285,3.447550282599197,3.3962003513451693,3.4510504243008238
2.9934879196226527,3.0710678142188996,3.085845405073571,0.0,3.095916143844073,3.0530909588105946,2.9299039633573436,3.0351163451567547,2.9661561576701536,2.9809569912597254,3.0876957387306776,3.3169098776073844,3.0952639487867093,3.1710200919360183,3.037406882283386,3.054742134561769,3.1121332404436695,3.0283807762627206,2.943233980926337,3.1785355714395034,3.395616083665302,3.292895333228517,3.468369471667081,3.411633917485649,3.3542476825920766,3.291580504887251,3.4065527825129007,3.4393803395460862,3.3608382475956002,3.4746228239797334,3.3956506286024655,3.4163176815783456,3.3213347174162897,3.233295647575227,3.457081595016532,3.326785682225993,3.324762642785102,3.3540733908879217,3.4260097936344405,3.3915117220590965,3.287049753664956,3.3677497978422775,3.2981241038460207,3.2771326299420593,3.279406365662087,3.3017284952761567,3.2720594760367177,3.29976234736265,3.3357122197790976,3.3962468244631134,3.470069565529172,3.5434121860643195,3.3113470410203485,3.3740924038718503,3.5324783214381745,3.5206272734586097,3.4336940156186757,3.442477281505166,3.5253397676387053,3.4124611038394685,3.399288097350182,3.3321317096337415,3.3588953429825503,3.291631207496452,3.395403610530825,3.191399377000708,3.2365859578759415,3.430918687622407,3.4139201747811607,3.3334900501286397,3.3553975534046696,3.4973138310563363,3.292616276639358,3.3388811832479406,3.3002716935182166,3.3169163467765768,3.274094545251795,3.259299106025193,3.34930414972327,3.312228353626142,3.323267010403546,3.327317404032524,3.2964292107342206,3.432339626936156,3.385942592361768,3.3624711783496277,3.3924347578731386,3.2881510506899345,3.1676497857402257,3.244381963949826,3.3359247783623793,3.2905236847179724,3.404116881312712,3.313304299650136,3.2607941007865873,3.31322068345926,3.4055989894479226,3.2907072834041053,3.278622983449384,3.2895072581936926
3.050678559161172,3.1294853065147,3.1308470384874703,3.095916143844073,0.0,3.1745941082885496,3.051003344238609,3.123501074841911,3.073204018471268,2.976178963048555,3.188915761050941,3.3857099357149347,3.233910421278549,3.288846332758721,3.0795447468876787,3.14238860303867,3.23784550771023,3.171788256732223,3.041874308008978,3.277115023864538,3.5016419782559547,3.3933759507786276,3.577606430123339,3.4587917866610765,3.4712123894362445,3.3580722855676672,3.4744763919798465,3.516010856646375,3.3974014281400753,3.5147999791499682,3.5190274876190104,3.5021052159963286,3.4118217604704566,3.3015920151177904,3.5119250006781444,3.390021907769366,3.4115084035368204,3.3896681318752266,3.4835068514983627,3.4788765396093373,3.425868382319092,3.4063696883985637,3.4001628836716113,3.3743983544864324,3.426638279610498,3.4562196975124633,3.394632809856955,3.4293241894967412,3.3962532829125593,3.461154354009696,3.51811272658828,3.5836689074801455,3.423487453192006,3.4391596169041696,3.5017699807014306,3.598041658746626,3.4377846339899283,3.518661205194515,3.5192058044420413,3.5074653028864233,3.454228841837881,3.4249745444583946,3.4625743155646647,3.44068137251765,3.41171665912247,3.2207494654887086,3.334663237078689,3.5516851804248657,3.477762011071467,3.392296726149862,3.3856619095616938,3.562909420646824,3.390997940859314,3.447708369452593,3.369701889390849,3.3941436651661636,3.33248114818784,3.386659615076288,3.3092951115663607,3.4173392277415098,3.4317287201448474,3.395958147310012,3.374198253204561,3.566346350811333,3.4077162080546954,3.4039330958370875,3.4959393515138233,3.3131665692746686,3.3577884209906914,3.2758921157995893,3.3876050869452974,3.3588425325198203,3.4339217548998424,3.3369129193186513,3.377629562592258,3.388097990400176,3.436642349063396,3.4066056931993156,3.3390818301236225,3.3251025305980053
3.1558429719952166,3.184167353904455,3.2142309668586337,3.0530909588105946,3.1745941082885496,0.0,3.0776213412995372,3.1611593608902173,3.121825474984892,3.153998903544059,3.27662521687935,3.447117615891295,3.249496714430517,3.301257795435156,3.183650366156853,3.2238573460125317,3.240899623023847,3.2132401203812995,3.099741365041827,3.3522423541510773,3.6140369511685435,3.4473978595388615,3.7020277498216054,3.5534185471137056,3.6145285273344503,3.4772297079651735,3.5385646175118985,3.600732008369097,3.4458504254717908,3.545428817273314,3.5632940377857167,3.576315743069733,3.4995829469977533,3.390752974525412,3.592435513463811,3.408340232736433,3.460856072908155,3.394867383251623,3.4930394304803696,3.5444638295243123,3.4519532576100462,3.3853923307668983,3.4632084200976347,3.417377739081863,3.384309714859701,3.437942199008108,3.419251712339831,3.366791951961173,3.4668862774563904,3.5151760238482646,3.5754612498402056,3.69900321936796,3.499288077837659,3.585160580580709,3.643108912190458,3.6262725701035694,3.5679997605892493,3.5394127948190652,3.695592115602032,3.5220396394334808,3.48741940641084,3.494113877238316,3.520530838170193,3.4095792686465836,3.4998137560746674,3.2945946495318847,3.401176944552326,3.525738220831356,3.512222338796494,3.3976231794223657,3.4947267044025567,3.5757674400524646,3.4477527652441995,3.500290177441571,3.389235954717595,3.4556451637313153,3.3966247634873574,3.417905272848064,3.454795881940996,3.470551169207972,3.464356122544424,3.4235796579838107,3.4463023452740624,3.610729277222416,3.4521049270154034,3.463865122594183,3.533609192953832,3.4128846115962244,3.3928287218093796,3.3242437090536274,3.4243965786836936,3.4604027466299754,3.5190776232011753,3.403328018508134,3.406068569566082,3.424499759201195,3.4979740818954483,3.437068010409266,3.443380008490718,3.4296891683865534
2.930295672551946,3.0297917269897523,3.02962300791177,2.9299039633573436,3.051003344238609,3.0776213412995372,0.0,3.0531082949381467,3.01858549123922,2.9970706307021664,3.103156998729624,3.3066384619104707,3.0903029842039254,3.1593552223741126,3.023135463403903,3.0991369030364257,3.1214819369535123,3.0783223510061615,3.0098743060155675,3.22967512168044,3.4622385580466153,3.3308803274507386,3.490584378872723,3.43580960412582,3.3576083483792383,3.3472129501559063,3.4389643931141443,3.453062997666989,3.3889274039103596,3.4938412021477445,3.3978116566335865,3.4478356081989396,3.359881411684933,3.2301038469090133,3.431669666078383,3.3234645826261207,3.375915968188127,3.310614427085501,3.3842181309407473,3.4285732536083997,3.367267793552163,3.3497278131393213,3.3578273313114027,3.316081719757059,3.2897884627864467,3.3830275962757215,3.3313295222483204,3.2942724577204903,3.300404182882112,3.398843955803337,3.4829803549568203,3.597502233996304,3.369040278170485,3.4494348201275096,3.5279116083693602,3.599775619931745,3.4309027046143807,3.4529755849143573,3.525840464288516,3.4226719873097458,3.3543887015514753,3.3278643725433668,3.405493416010981,3.3225416173115256,3.362437852476619,3.2095865716628573,3.265469196016002,3.4260146649832333,3.380803945738209,3.2784893229818155,3.3549440482145734,3.4982017257043228,3.3575006978367288,3.3848090149772254,3.3045866389473106,3.318516144352712,3.294750523478658,3.2531230299885965,3.2940915185829756,3.293971659025971,3.3470184893796913,3.3370269497293865,3.3084209446552735,3.4461937294213634,3.3266420597651964,3.3447440978098735,3.3439805851514195,3.3174358517525495,3.217727498723669,3.2623411761097,3.3204783678698613,3.3278325628470573,3.392352529875202,3.315613776645487,3.259890837918731,3.336184776128809,3.3083239448728037,3.3190379849358123,3.244228373333524,3.312954421632887
3.0672996434422792,3.118339153741746,3.171779236498885,3.0351163451567547,3.123501074841911,3.1611593608902173,3.0531082949381467,0.0,3.090777115120727,3.0453869438173604,3.197427436774749,3.4637419143191415,3.246072890746006,3.3246537852915186,3.1526081489568507,3.217811373543447,3.250349759575162,3.1941938237456386,3.0324412099449614,3.3592845815865986,3.578007325482106,3.432773322818163,3.532184578432753,3.491298622150612,3.526754302562702,3.4075309374741924,3.527014293471885,3.482768419687611,3.4495707037486754,3.4924556620684064,3.50416861650108,3.543866330883121,3.422916062382656,3.372520666377243,3.5044694700888277,3.4206348418908465,3.4373376981393324,3.4155595582938445,3.4982135845866003,3.518741972187432,3.440684560040228,3.4124149912771267,3.4660283314052704,3.4170163293570566,3.398073795193113,3.4236059818569,3.4827335066327794,3.3772480859561145,3.4763232888208826,3.4719910472631392,3.5965941742905905,3.658565342410199,3.448811871041733,3.4934492114797484,3.5847183182849602,3.616384857964922,3.5016016701342005,3.530851763659998,3.6000898085094346,3.5000452311181705,3.4467197580386633,3.3954145645270537,3.539016285440874,3.3896623642486157,3.56049826081904,3.271230604663064,3.2975322917892806,3.5335633119077197,3.494645791721205,3.395310781015873,3.410366965094649,3.550315499053889,3.3815378514311534,3.456989042380051,3.3459398460932195,3.456760063957362,3.355442317907389,3.4362585426909886,3.3889963483883614,3.4238388487870424,3.478372235692175,3.479955085157617,3.432619132289634,3.544252476398243,3.502790700868637,3.3969716385585835,3.4924429644308073,3.4405838051806255,3.3447925689198668,3.2845269687966394,3.452473850910843,3.365566491882057,3.4432491429817462,3.3947149826211365,3.4004359190245137,3.3994934546172964,3.473021755142679,3.4301807509416844,3.4179506137911693,3.4461012994773914
3.027266884104812,3.0559709979373784,3.0849725301004884,2.9661561576701536,3.073204018471268,3.121825474984892,3.01858549123922,3.090777115120727,0.0,2.9488953672042606,3.1380899550975556,3.3350281380491515,3.172897850443368,3.166788617513056,3.0404641025546315,3.077070181337908,3.148305431085482,3.112375316650345,3.0714786246647496,3.189049886242126,3.530058803338734,3.3780883504765664,3.4925785400472296,3.446502272511758,3.453575001389454,3.3990677172477084,3.42507589771239,3.5104281522447875,3.400181114758327,3.4503449861835036,3.4646099231010825,3.4979033320893946,3.4516776663621678,3.3190747635556175,3.4948750167132285,3.4201733961263296,3.426584008354179,3.409917834010754,3.41614879001808,3.455782320964406,3.353479224103549,3.3178339784186925,3.3714575366791824,3.310937044900644,3.3764931943065917,3.393059344468925,3.383666884293178,3.281658474156538,3.3336066292942412,3.425693280298689,3.4417558161263204,3.5453735400107007,3.3380536195300863,3.405174995664486,3.5303339487379684,3.497965493845011,3.4312201271076948,3.4160988188482952,3.5150033358779207,3.4243600957594524,3.3989479120117942,3.3676267545388314,3.460276245599738,3.3684796113332456,3.4343365070938403,3.2551629065840744,3.3092325758072203,3.4821638952045904,3.416577144163299,3.2835763586374735,3.3660045413316997,3.51605954345696,3.337447171025298,3.4170217717174576,3.3112240619154734,3.3354451801162237,3.287458957662503,3.324002143446028,3.336325843952285,3.334293862868845,3.4483298585215696,3.3286755603427243,3.3763357274323207,3.510262022753257,3.3705055545839775,3.355221758135317,3.3866062519612097,3.287485356171342,3.329393601749588,3.2682486038339253,3.3182860888942387,3.310271611205584,3.3696242010296267,3.3278736861356415,3.3111864760552865,3.280633777701869,3.385353033005724,3.321840755828021,3.3118923277652685,3.3491643404250566
3.0133147408184704,3.06592057384873,3.0675735487200044,2.9809569912597254,2.976178963048555,3.153998903544059,2.9970706307021664,3.0453869438173604,2.9488953672042606,0.0,3.0481680449371193,3.2540003292409474,3.0714311187834964,3.1579695445954328,3.027230655649629,2.972754257531454,3.055887518295642,3.0361248027294634,2.979986189227776,3.15162485994328,3.424058330867924,3.343095091384489,3.530256013312809,3.4716883405746595,3.388679895748793,3.372318049924442,3.432077604728,3.4437865599752993,3.391587362526061,3.433518340548839,3.466396736370974,3.451709992489725,3.405749502946282,3.310337440370122,3.429259253944169,3.3748823074730225,3.388148937496144,3.391964696088643,3.3709223096976855,3.4026229165751447,3.3234997340420738,3.3354893546411324,3.3608906010645776,3.32876365873691,3.3229539125720846,3.36019802213885,3.282024909660101,3.25456899646054,3.32140506495817,3.343292204989617,3.4759334380841085,3.5309051075178868,3.312483301660447,3.381645441817495,3.4339904903131333,3.512001170512289,3.440843516659852,3.4252947436849466,3.4802076111174016,3.4066871572526494,3.371599391530704,3.3048638190810373,3.4388426499415656,3.2816856458382158,3.3766303186697773,3.2007641535556806,3.2983030869181547,3.4469682170751685,3.36532123296389,3.3056486278720167,3.3103410414901546,3.4623290422561785,3.255870652021937,3.384205308994313,3.251007950809722,3.255266470835003,3.200116042178884,3.279964231435622,3.178126296321638,3.2793623081061276,3.340249198708482,3.291938883152693,3.3505217530193794,3.4806668517380523,3.3721673168787016,3.281868431304129,3.365221480722903,3.2789637275404373,3.2102217793129944,3.231811982209747,3.3472331791263565,3.3241206332832056,3.4036658047374972,3.288946806623932,3.324575187678545,3.2903841312714905,3.357502970179354,3.3042101504016927,3.3355818476252432,3.313253496949243
3.134660817708614,3.212952809761056,3.240263659969757,3.0876957387306776,3.188915761050941,3.27662521687935,3.103156998729624,3.197427436774749,3.1380899550975556,3.0481680449371193,0.0,2.943709283696987,2.6976117485876583,2.7333976524818007,2.7022528150863026,2.6244342739300426,2.788654714313269,2.7277903593005846,2.703810235638633,2.8053701096065344,3.3449912931274772,3.1982398020029272,3.4409186269976844,3.2484664233132463,3.289851368152691,3.1966730406389012,3.2818928406752987,3.308250436456917,3.2254794984141415,3.3653158486854653,3.261066960980566,3.305677044841568,3.2323128581031093,3.1479202489287625,3.288031264627508,3.135476518399799,3.232158841497794,3.2426844204565124,3.309500866046244,3.2283385332650245,3.2501785522711004,3.22218406223487,3.225224917353376,3.1877650730392086,3.1874011155292106,3.240023633140744,3.2299287614554517,3.198459111202636,3.2321628247783103,3.244904705464613,3.389266906736632,3.4039782026424525,3.163554134266871,3.2852964609459083,3.3174306772286553,3.376157491490679,3.2821316942273895,3.2783318031616466,3.368757903986843,3.3173349470807207,3.246921695377122,3.2342521902163774,3.3131432538482275,3.170319575136881,3.25335300317144,3.0530672190888466,3.1298371072130875,3.2671102404296244,3.2955750709425167,3.2113455631444796,3.184630654566689,3.373186259877038,3.1116422888508004,3.2603821351454023,3.1813236310490627,3.161725271268679,3.0938640534926773,3.1060420436826064,3.1284714300220733,3.160190049263009,3.1618407938264967,3.2115976810486386,3.1719164916082403,3.3006869150258633,3.247606423082706,3.17238263357236,3.2171509854142157,3.136971849465401,3.076834316073801,3.126750913297014,3.210817357992241,3.215402139813204,3.2573546309688988,3.1221335425251815,3.1444241902388392,3.18991341572032,3.170723992833957,3.129618779083577,3.1671376296390537,3.071306451163017
3.3251243281244918,3.3901147414512502,3.3774358648144687,3.3169098776073844,3.3857099357149347,3.447117615891295,3.3066384619104707,3.4637419143191415,3.3350281380491515,3.2540003292409474,2.943709283696987,0.0,2.9287695502012503,3.0250829511886557,2.919015392841816,2.881846030724023,2.917780817764195,2.9199347760480046,2.8602868799233105,2.981939630297742,3.4693897104200553,3.3799811445082715,3.531896481371864,3.455119389901617,3.4493486978281833,3.3893106611540493,3.3687881948821805,3.489662025285574,3.447911396003375,3.5069545044875348,3.4825508577312365,3.5564730341315514,3.4838985921420833,3.3235386153793187,3.5800580129771276,3.4031343822507547,3.463447848700971,3.4039253911987637,3.492095195053875,3.4585764389690588,3.3936800224157047,3.3933160887344354,3.410172609899546,3.393303722734545,3.40847509659831,3.4015527937982357,3.464988387227381,3.4072190052581712,3.3734927167167874,3.4497313242797323,3.514706368696295,3.5998300618222276,3.421182222653179,3.4602665993619146,3.5075281108618825,3.5647922302308666,3.4523110099184433,3.4915966242378516,3.521836282810074,3.5343473910628664,3.448576127495072,3.398813090999749,3.4732942799613746,3.343998694752708,3.4411198370192007,3.232515694446626,3.317066859218088,3.528785182927481,3.470652977576306,3.3353166560838114,3.406202123462991,3.5792217322936755,3.3475360292371783,3.3457416057879,3.376666469994477,3.3271955884812043,3.2779793560595287,3.260293359019282,3.34674992973229,3.324434051534259,3.3675228226305314,3.3531366666251343,3.4154118505424327,3.501280550348477,3.432829440895058,3.328804484031424,3.442635462802958,3.3415317485967244,3.3083549332253903,3.280149729497848,3.424210678811715,3.4418126190002094,3.479418869166841,3.37131822176863,3.359236461532916,3.395306286935612,3.343827576494955,3.3272341400027594,3.3623107856918995,3.3070952750140146
3.1440929794540344,3.261451061479878,3.28905742581445,3.0952639487867093,3.233910421278549,3.249496714430517,3.0903029842039254,3.246072890746006,3.172897850443368,3.0714311187834964,2.6976117485876583,2.9287695502012503,0.0,2.7864342709271845,2.762957649814852,2.706123408997476,2.7194013144277056,2.7170964616788766,2.726283980083031,2.8692637729379027,3.320992864576403,3.226822886455307,3.455515314694451,3.259285500048315,3.3064711787007326,3.247031102911761,3.333112391461069,3.396062051446556,3.3584586379636416,3.367550151086182,3.2867276927190705,3.341251473702999,3.2807961286263834,3.190470788350578,3.365429341784049,3.1831223589371067,3.20534144684986,3.2427203004891725,3.2999074287146204,3.2498903989651167,3.274422945624321,3.2376957307658687,3.191730011260776,3.2382391362045935,3.2368975399136324,3.2795117815041332,3.239375133304641,3.1745454417761696,3.1636062858311695,3.2797100995045265,3.458263319907745,3.4411020999695068,3.2763562721036505,3.360506372896113,3.4475973083174,3.428488971649631,3.2668079624628747,3.296556502591799,3.4260786877807874,3.3395878922464464,3.274086389435355,3.3000705653651043,3.3934181065140905,3.2690658329227493,3.3212200046573153,3.0640367039008463,3.1732960792032348,3.310559550123228,3.3144154318901196,3.2058491357728376,3.240764700987711,3.371037452908397,3.162925685534188,3.2737310091322116,3.177372870254358,3.176798790035051,3.117913718467935,3.094402822339764,3.1667359160497597,3.158893347002139,3.183401127704167,3.2327027351547426,3.2389355632311787,3.353340157665592,3.2797682550019527,3.1932572374721033,3.242849994673152,3.0828641242351393,3.0903636239423404,3.1223328461814814,3.2549352587283797,3.256488778114751,3.343849394559889,3.1448875841387585,3.178665034230771,3.1832276677940845,3.1987730654339184,3.1462499245850863,3.1711888064328373,3.1668075898251415
3.213968818423088,3.297074876846183,3.303687988345876,3.1710200919360183,3.288846332758721,3.301257795435156,3.1593552223741126,3.3246537852915186,3.166788617513056,3.1579695445954328,2.7333976524818007,3.0250829511886557,2.7864342709271845,0.0,2.805257330257751,2.711688462607256,2.8221797943263476,2.813812288792132,2.7807079172665152,2.8861626901220485,3.37396733062069,3.2767231550292113,3.4886128608650693,3.337838625070379,3.30532073318626,3.2873082500277766,3.3225687416835923,3.4329358404727355,3.3037717014715673,3.4046471700603718,3.317383674933653,3.3711967231520923,3.3056533880920713,3.153461697676212,3.265405528893378,3.207157481005757,3.205174827627844,3.2639526757755157,3.3452239308576948,3.2872545796155817,3.2444520694027608,3.2288257706066448,3.2332070126060204,3.2638891251656377,3.222919763137392,3.2911064701389603,3.3216084901800413,3.230753322184873,3.2959581881158044,3.3605479477088402,3.4675454462507,3.5150782181134415,3.2739570587735067,3.3350345720732535,3.3792476062668815,3.4574517807870127,3.31060276040588,3.3371998455506175,3.4008961169813077,3.378068588590408,3.271027836614992,3.3074202545079148,3.3293622363293247,3.269166185422913,3.3323118711055595,3.1837348391857505,3.2159033474134113,3.3544111616851895,3.4088283194933395,3.24540370763406,3.2283896382991393,3.4019877513595476,3.1773596638228687,3.312695335530776,3.194994922329445,3.211918070887207,3.126341112373301,3.120497244311844,3.22442644918573,3.1947637333916923,3.2181209208717654,3.2771419422092793,3.189582742649043,3.3309208404928934,3.3037097828293875,3.171941145785057,3.3096826916410196,3.19818150586517,3.113799048504147,3.187869181477322,3.297365558882765,3.309219751507828,3.304532383373798,3.188037004301534,3.26066585153234,3.2342631002778433,3.2370794663831917,3.154896814318431,3.204305887029415,3.1834661352873668
3.0575390552637085,3.161287876081744,3.182716969707664,3.037406882283386,3.0795447468876787,3.183650366156853,3.023135463403903,3.1526081489568507,3.0404641025546315,3.027230655649629,2.7022528150863026,2.919015392841816,2.762957649814852,2.805257330257751,0.0,2.654408703063025,2.686902800454109,2.6636968009287076,2.6403890651058632,2.8319718137620775,3.280353387310899,3.1382990332572764,3.342565736773307,3.210997792070046,3.2398498196587555,3.112425414880781,3.2218038645456932,3.2753007998174257,3.1308610503251133,3.3128895080730048,3.2184347350155615,3.2779953573681655,3.195237137854789,3.079571688955227,3.235270500606892,3.1079002985532003,3.2259356834305253,3.1623227458026175,3.2440981463109204,3.273225982314516,3.2222518389718275,3.2229313033662788,3.1893450315137595,3.1064846080703865,3.12633043578464,3.2304021789260022,3.2262819921007697,3.154280095011482,3.1502940570483293,3.2503513733114753,3.358673164332113,3.3810053484788916,3.1839081217003105,3.210977447335525,3.3259391949681656,3.3207988786684925,3.268786200766021,3.2527316424533677,3.352381608367418,3.2816722779801575,3.178615829990395,3.1865595009739063,3.2789190823365466,3.1955332038597586,3.2338495242298038,3.017022002001159,3.091270300724858,3.2682335761092434,3.242568101719239,3.143436975991994,3.1616460921429663,3.3315561007202166,3.129555243193933,3.2184656999083923,3.1651880593496817,3.1275099783295306,3.043446024729917,3.095978983913723,3.186543938363029,3.0754779723322327,3.166407340289798,3.1271998482654113,3.144791605341733,3.2807775248098374,3.2006624013052214,3.1664824850494595,3.195169534259666,3.0814343008514506,3.0325146426156335,3.111999784052824,3.225713955414485,3.210290551271642,3.223651302345868,3.1229793882444077,3.1032705528336506,3.1157302700918765,3.1664720943973546,3.1346197456808387,3.1038393364354104,3.107171279326234
3.11873242329325,3.1617987175611124,3.1770751119205016,3.054742134561769,3.14238860303867,3.2238573460125317,3.0991369030364257,3.217811373543447,3.077070181337908,2.972754257531454,2.6244342739300426,2.881846030724023,2.706123408997476,2.711688462607256,2.654408703063025,0.0,2.669073856188018,2.7145347803613613,2.624869661274247,2.808741028469614,3.2845005465103605,3.1665568750990887,3.39309518022094,3.2213402852916015,3.278864692895455,3.1667588036501306,3.2024483314890397,3.348219122020317,3.2265471303356694,3.3380319064325636,3.2253241206091827,3.306310088507608,3.2192918636168133,3.0560455815575818,3.2609670903645926,3.1576507783651997,3.178299734587797,3.2188102938736196,3.248551559464167,3.207835831815112,3.185639680016941,3.1971761403177017,3.146149288925363,3.1022138320052766,3.1444199441674963,3.192965888649088,3.1890428586408253,3.1382312667167214,3.143874579628857,3.2009564758411653,3.308637850669046,3.3970910923928206,3.199613851852182,3.2736088018274794,3.274003956293082,3.342445332915384,3.2186697051764273,3.210177514940443,3.3205775974134886,3.2594120480707693,3.222240888241894,3.2045137697740333,3.208749735839262,3.168106019683231,3.19524564416611,3.012551594525839,3.0841096124230782,3.2142397196067467,3.2173660414047958,3.1171041300626787,3.147941001193807,3.328662954202949,3.1127036215731163,3.202050898893777,3.10439695660403,3.0783378411304603,2.9987206910240705,3.0466452487496007,3.0910441578204124,3.0772192537372582,3.1251840155782165,3.1311700563257276,3.149703687022009,3.254229800840698,3.173472936855935,3.1244092764426994,3.2099792090007058,3.0780937077049955,3.035544587849801,3.0886756048810793,3.189551945853118,3.228263498974493,3.2292553469058496,3.1178452029754133,3.1219305604376175,3.0747449877684376,3.179170383702843,3.1521685810415763,3.1651094188126643,3.10399234632158
3.082555380615334,3.2425360434829607,3.2341410234380414,3.1121332404436695,3.23784550771023,3.240899623023847,3.1214819369535123,3.250349759575162,3.148305431085482,3.055887518295642,2.788654714313269,2.917780817764195,2.7194013144277056,2.8221797943263476,2.686902800454109,2.669073856188018,0.0,2.7088014833832683,2.667578561156887,2.8370481896003716,3.3343823848453105,3.2314394100316295,3.46252694239962,3.32782167297125,3.2662136879678814,3.2321420231481617,3.3283262953081314,3.3950068554366593,3.3060565394316757,3.3596913743194134,3.2590369249460216,3.3431548542623086,3.1841264711977946,3.1533451120695606,3.2726873662711924,3.2215122851229734,3.208195687516111,3.246351835455145,3.314290552417625,3.282885044173316,3.2218606972585055,3.276110156646734,3.2647682051580085,3.233333843925934,3.2062035629746664,3.228868597897002,3.2206379806935064,3.1617599586419867,3.1824929797506405,3.263919804924894,3.376916553129395,3.419903191428833,3.256655407524624,3.3094696002583524,3.3784554770667707,3.3834921350152363,3.221252061504967,3.2832358027913493,3.4117936685389005,3.372544985189082,3.2871286682904537,3.2526297566995663,3.3889240270019356,3.244366237780666,3.3378547679923813,3.0943838683917964,3.1607938483987206,3.3000381987701726,3.3363225567253907,3.2129925836310704,3.243525438124577,3.442772307308914,3.170206617727695,3.269172019775841,3.2296280233944326,3.2140223773682908,3.066235657824422,3.1310305581321036,3.158127481265955,3.173901140987033,3.2118402775900923,3.1877855659171965,3.219683169303054,3.2721375863730535,3.2502191909821576,3.169424679652096,3.2263417018315868,3.119040184816398,3.1228517396237208,3.120074242906729,3.224622387920442,3.221155397434496,3.3395160715076533,3.1524163560411775,3.172455382217478,3.139943518646947,3.2272527293563766,3.1467883616153554,3.142606195735802,3.154719822166791
3.0837380598971285,3.2572985639378143,3.2411126618688018,3.0283807762627206,3.171788256732223,3.2132401203812995,3.0783223510061615,3.1941938237456386,3.112375316650345,3.0361248027294634,2.7277903593005846,2.9199347760480046,2.7170964616788766,2.813812288792132,2.6636968009287076,2.7145347803613613,2.7088014833832683,0.0,2.6769843077001956,2.84003969379678,3.364751160080444,3.2098541288417426,3.456786411042045,3.246992773980223,3.2599705562549066,3.2018491111243383,3.2267735299103464,3.3263304264361593,3.2402358466128365,3.383884462715421,3.2651092268007593,3.3276888422756503,3.1896890341604704,3.093096423230035,3.3184879810183996,3.159301793186996,3.202834697687036,3.2276424789596607,3.287907268404546,3.2425328082305,3.227323206898731,3.2515992851321296,3.2264228402640045,3.1412223893032563,3.1410299011672675,3.253140765911379,3.2231623951486665,3.1439614863766736,3.1672764408550464,3.2626058685547403,3.367756594119279,3.43033115890306,3.222453532923413,3.2978874206852726,3.401881365008815,3.4151911146715412,3.311664403931591,3.2254567318203504,3.3328698948721387,3.3244115323065544,3.2440174499682093,3.222537728644402,3.3512375325046087,3.187315542830341,3.327416143012734,3.051562337489595,3.1707724172294034,3.3051499207812545,3.346108291241679,3.2127803516885187,3.1664026719192404,3.4108940453760415,3.1718199776824023,3.2160253751901875,3.169848015207379,3.1896231069312906,3.065845297267914,3.0691645759812243,3.1578531254151665,3.1202489213192033,3.1340291616888183,3.211676667980966,3.173902192645357,3.30205876835652,3.2587934521996207,3.2082695562455825,3.229120381341461,3.130525053549465,3.1208720599947632,3.1035021042814352,3.1528079460444642,3.252449872908305,3.2735164514457145,3.1578858923369912,3.1446443715095356,3.1434639772171735,3.208908442355197,3.1066506877646503,3.1637541444073816,3.0735127705993994
3.019894912356595,3.0910702283440887,3.109275624589748,2.943233980926337,3.041874308008978,3.099741365041827,3.0098743060155675,3.0324412099449614,3.0714786246647496,2.979986189227776,2.703810235638633,2.8602868799233105,2.726283980083031,2.7807079172665152,2.6403890651058632,2.624869661274247,2.667578561156887,2.6769843077001956,0.0,2.7988013767367166,3.2178396770970426,3.117468493806391,3.348690625412285,3.195696893902066,3.237501908820926,3.131516338297849,3.1810019585640283,3.2691221357222253,3.1549921834277552,3.28093521788082,3.176899055181251,3.2715971878869867,3.1484829352723467,3.1008790461851015,3.2215748955183523,3.1158975403556886,3.1730857004253212,3.1404652720964994,3.2502378230010947,3.1963912523287674,3.1046548412584625,3.1907870230041797,3.1330169078323187,3.0802598704899844,3.0233788299782325,3.1171021413947435,3.130311190945821,3.096262826473325,3.0811328424616016,3.177013875900383,3.274414208125183,3.368372025101637,3.2022441862495654,3.139734701867008,3.2557750157787533,3.329206120937981,3.1387768521939643,3.1518917397821014,3.2833085641717377,3.2342306648520354,3.2162585940136865,3.203834120248481,3.2369274443189417,3.131817210099527,3.2723280453656867,2.986186491337633,3.0643328417578406,3.233345052035879,3.2470773613645294,3.1105686369501995,3.161027672651036,3.2926798520681193,3.121178693892579,3.1556066480568745,3.1733928487576804,3.102034295084969,3.0176102028533682,3.1125720280045894,3.083799911113668,3.066416046710067,3.0595187253770186,3.153530649002673,3.09641621075393,3.237741680771684,3.181366648156103,3.1563750893761,3.2296182788357117,3.04951902255436,3.028610023730735,3.0551117507299534,3.1289611125808143,3.12245929431878,3.1860192543305264,3.0651224546878133,3.0584365979742207,3.1164083247967995,3.128021762908781,3.114673949149297,3.115918505894526,3.059076536619666
3.198952092013807,3.330300779534114,3.3083204856898547,3.1785355714395034,3.277115023864538,3.3522423541510773,3.22967512168044,3.3592845815865986,3.189049886242126,3.15162485994328,2.8053701096065344,2.981939630297742,2.8692637729379027,2.8861626901220485,2.8319718137620775,2.808741028469614,2.8370481896003716,2.84003969379678,2.7988013767367166,0.0,3.3670923347920865,3.3074710026376004,3.5274750103190375,3.3346171926615864,3.309474210900019,3.257843090618144,3.338891180174837,3.4342127948252714,3.2936229123926872,3.4180242741025832,3.399970469627043,3.365640023568996,3.2825900293396697,3.249530171399993,3.376582869468725,3.2876424374201165,3.293992649239246,3.3259159690807327,3.430789014634892,3.3437307482013687,3.302578877872241,3.27888156244429,3.2891184604985546,3.2216249237540096,3.2353932717372604,3.323144185439699,3.2940645939898388,3.222369039048122,3.2486402161187655,3.3121323291492897,3.393602882976108,3.515591362686302,3.262708758109829,3.3754670561701587,3.39952557563615,3.463410675707684,3.3513681493220107,3.340582086699639,3.4173227626157296,3.365897442656627,3.289640760896909,3.2913968100368276,3.3276846867530407,3.300375864991702,3.296204123555686,3.154265431344825,3.278472742304516,3.4150580519381966,3.431937277080675,3.27403920181285,3.282593660899583,3.4401283619463214,3.2053000903867948,3.2954352973208447,3.269951979024982,3.261504425499636,3.117091433160976,3.190443886035516,3.2072269133750035,3.2202111048239286,3.3406914243169608,3.237909864013448,3.294291998552726,3.386592875850697,3.3240682744934182,3.23777894103478,3.340241918197321,3.271664961200515,3.163577798522535,3.184392873247804,3.2451558324606116,3.3364276034611042,3.3850973751425197,3.226204988563942,3.2517651386168147,3.271249262773593,3.260441659134859,3.2579650111371583,3.2542528057216704,3.2425257494866537
3.4351306032008977,3.5363954848415244,3.611412629149225,3.395616083665302,3.5016419782559547,3.6140369511685435,3.4622385580466153,3.578007325482106,3.530058803338734,3.424058330867924,3.3449912931274772,3.4693897104200553,3.320992864576403,3.37396733062069,3.280353387310899,3.2845005465103605,3.3343823848453105,3.364751160080444,3.2178396770970426,3.3670923347920865,0.0,3.264069985490235,3.4358948167593106,3.3643258451938274,3.4064326806034066,3.27664850110296,3.3830213944775998,3.4348779561712965,3.3333016553009323,3.465373139650228,3.550885055250049,3.6068823988790184,3.6036490066778253,3.5173309934095918,3.6271512455565027,3.5253417965368503,3.571474382924131,3.576090004951042,3.6478885343822314,3.6402291668026643,3.558307121114796,3.529683803845176,3.578916503784973,3.5380599262861825,3.519510927469767,3.5853289584408254,3.5089143581511584,3.470109552858222,3.556309860074318,3.5591603737711996,3.6390576570182995,3.7559936943773145,3.58917422687439,3.67129239269247,3.6953300491787306,3.6944758494356122,3.5883723617205425,3.6316270432244417,3.688841494928595,3.644377121523215,3.6111530366729765,3.627541407553218,3.6117403281010994,3.5616952087467797,3.617104449049946,3.4428711976248922,3.5127174391591827,3.652210710519814,3.650497345157834,3.5193315421801596,3.583990894280515,3.6558111204526544,3.5490934853235294,3.5679370816075986,3.526275506804614,3.4756456173314607,3.451393072857912,3.4464657468788484,3.4419857927081265,3.4577732475248903,3.5111008759307833,3.5226248673128038,3.5655991308425623,3.635638968913205,3.5947845296789813,3.531190179638847,3.5470560842661056,3.523114716151267,3.41153621827342,3.4136392780619835,3.605495465180684,3.578769542495501,3.609757440295815,3.53835682012304,3.542327520011836,3.542844524119358,3.588970688345983,3.591612603178215,3.5731948136293186,3.540342928768863
