0.0,9.292432630867912,9.305660731795106,9.290329727217957,9.07285827080686,9.273713516716846,9.25868600836871,9.12315621756622,8.563227490337363,8.914994507861197,9.490121624471714,9.16029575786623,9.134121868686213,9.340518864794086,9.247771948461,9.113568395872717,8.739009821688851,9.43919872633344,9.067358358963391,9.329799482637902,9.232473316376153,8.978327193408276,9.122620154666537,8.966657972745214,9.223677013608357,9.14279655027747,9.150931522500438,8.85500824163776,8.958830022719292,9.056332508709074,9.320454522047656,8.843899675052988,8.933203031054592,8.854473608343941,9.203627775023902,9.18513385639866,9.285994322190694,8.85854608872993,9.039295453999028,9.355366811814156,9.120002527738523,9.213087922879442,9.090132475539152,9.001834682381464,9.289253046826142,8.975135364414863,8.970229608325209,9.352435817748104,9.27635356557914,9.265987292664096,8.93489388836749,9.087790092864857,9.196128478424995,9.238183799697438,9.010689215681648,9.264239511585792,9.15845116726639,9.139622090413061,9.092373983093607,9.063540905334724,9.221494725141923,9.129851005483289,9.140293213129032,9.417553165084204,9.069933558917816,9.000655680190185,9.130016881252363,8.83448721588728,9.254743854557864,8.97664706702441,9.259037448628105,9.301951738874147,9.427524574589672,9.164260640973888,9.150282441663046,9.211395951138586,9.07518433102545,9.209935619945188,9.265019363243097,8.897724983820039,8.934182571735237,8.985866469273471,9.210040410353885,9.0100042053958,9.119690486942893,9.105820238684611,8.982274720541197,9.082490747784648,8.984107927416325,9.164806339030498,8.803501594242158,9.044159529455365,8.928387030740947,8.999370129054952,9.189794137203492,9.094523498568554,9.373356382613876,9.264705618779084,8.98944617410271,9.004778970720128
9.292432630867912,0.0,9.3815752495302,9.301277926023333,9.50399214536811,9.310930567862204,9.385067836250073,9.24393903785323,8.853148302343142,9.446160593128399,9.623596089018404,9.54608940226188,9.154312918363901,9.417122168762932,9.228712588837258,9.240443886667796,9.034340511165144,9.64605075489527,9.320162699183841,9.265807794887442,9.363942860959817,9.210238804739648,9.296330488912387,9.344070888354901,9.590796000328746,9.333483104412391,9.336433940121983,9.23897782455807,9.069756490010409,9.25116165702419,9.320081249095745,9.33193355236114,9.228266158995932,9.074990550475022,9.308728164682075,9.21628343591351,9.611600987096596,9.209190455342611,9.232067148952797,9.33985069335271,9.351221064020654,9.478120202510738,9.15253089130589,9.103470159522274,9.344207650398697,9.138863679128994,9.315356744476052,9.51527020774843,9.310352461849508,9.219192752874214,9.168068194896323,9.273676084230804,9.352426028556916,9.318475431904083,9.102556611481983,9.45727891688295,9.392824445395098,9.295682122131902,9.40961707800522,9.255925523014847,9.447569067188494,9.518433605804344,9.436047979151216,9.379020134148226,9.42105103997181,9.104153165363511,9.52109394231558,9.337468003469693,9.305755015903634,9.231643195227184,9.400030468830481,9.123067990970531,9.387570917544837,9.28660721729946,9.572486599354644,9.389655293240477,9.35294524943171,9.214235603475073,9.461202805167417,9.252812138517843,9.307242528739085,9.30894535503603,9.333091551055878,9.024767809810738,9.27813195664841,9.169562651044258,9.482382651502297,9.420421380663278,9.260295190575814,9.436663255797587,8.915071101052218,9.323653333034716,9.361223601870577,9.391504433784034,9.32608454638433,9.203818432730829,9.337557881085246,9.397873706982997,9.378889167258496,8.99199447623521
9.305660731795106,9.3815752495302,0.0,9.439789955259283,9.515221698401282,9.31224028974055,9.438350411808928,9.395580031764977,8.78510153801327,9.425375318263816,9.539154077288714,9.380618026967685,9.372675900074217,9.578755045295472,9.27462048846626,9.03388700958525,9.212248187201519,9.572658752575572,9.388841100968653,9.500390697275503,9.449514257471039,9.320688628595555,9.176289680331767,9.22908418387474,9.326842866896039,9.268910229276088,9.15957195964346,9.210322054555574,9.144970504855003,9.418321942257432,9.206747847780843,9.16644448675759,9.29941330566557,9.116004585991409,9.41883429051015,9.056915035537074,9.37208084434974,9.144313491907484,9.31496401965676,9.40869149494087,9.350368031485111,9.43417845625846,9.142750654281631,9.255704203502528,9.277177630091678,9.151103685863996,9.265912776807385,9.516958259172725,9.496743698191535,9.249138869333661,9.167595926058071,9.411809247977379,9.152707192421012,9.445768864336909,9.254332481477764,9.37684674193715,9.373524053739615,9.309719822782581,9.467241928817998,9.24984204956466,9.506632848450305,9.34438972452083,9.303400906798394,9.576236208801337,9.227042913244285,9.2502639320454,9.367347544113382,9.142512825885692,9.408357808633419,9.377514311276903,9.178289454710672,9.644248046672285,9.491532416953035,9.409400589729817,9.551207812560197,9.185099800743014,9.397959353745282,9.286164803108347,9.43288404745,9.127307756792636,9.233252959010606,9.391572266594762,9.335265731584553,9.292618182490168,9.366335921596631,9.55796916060612,9.39170630603764,9.256000531406766,9.245875083229683,9.49547951209157,9.064223553101803,9.331046051228997,9.084227724984386,9.368283727035298,9.333227247815998,9.391103925885249,9.46460353595297,9.501041957533321,9.361366633227181,9.347906814704897
9.290329727217957,9.301277926023333,9.439789955259283,0.0,9.331203035925016,9.144374397949967,9.459889915422593,9.307122028144756,8.596718237392976,9.419506983722993,9.542281573831142,9.460267752795893,9.11471186665324,9.326089045770924,9.188503911191232,9.15034872755883,9.13049568961543,9.387525405544642,9.172145755027275,9.199532239881394,9.156250416622218,9.183695517965479,9.226192457254552,9.205922451265323,9.209340404371735,9.327115258241818,9.234033362044327,8.96453226583056,9.04853070381867,9.161898072001144,9.276144659351262,9.193324312459694,8.820873421740234,9.050679673442737,9.28487893004564,9.048517213186049,9.44953121253741,9.015028803266825,9.135427709128399,9.253645307501838,9.22920239673412,9.327752034001145,9.121703924317549,9.024297341338151,9.376419570258124,9.083335339840541,9.035107696178445,9.280301748828881,9.205111485126798,9.009820031200896,8.998518927885177,9.42573673191932,9.335072854835046,9.318076697727196,9.046557063443995,9.366392532988955,9.332369300464588,9.315547981954769,9.220115844925575,9.202362288004505,9.283854623217614,9.404065863920202,9.234549738591033,9.48170918891032,9.202569967479066,9.113020885425597,9.338826288813639,9.190633434095925,9.173206655085998,9.238330800607072,9.335391998315178,9.225978280482433,9.495410011120999,9.338055052084547,9.455047260652476,9.413481812355244,9.220208521406805,8.980964026414425,9.330789718977979,9.244644676795064,9.154179153352839,9.187716319333699,9.309969769519931,8.971915188297094,9.180950710957513,9.5268112102601,9.20454206712791,9.389548038416049,9.072082084055664,9.25074723808248,8.985989155270154,9.237196850996654,9.145773456583134,9.218140455881299,9.345943333838292,9.271209732015533,9.418529315026195,9.304461600558602,9.40062740748174,8.968157492814116
9.07285827080686,9.50399214536811,9.515221698401282,9.331203035925016,0.0,9.486866355111475,9.29133484480256,9.186630519284618,8.61940152456083,9.1190341625425,9.324892132419013,9.21839867908429,9.105109287467052,9.326732844712591,9.198626987999647,9.002809298010686,8.98139429155686,9.358278544654244,9.02089089132246,9.294320404670154,9.153246494371205,8.969202967247188,9.037776924839651,9.23937666933181,9.130159356522112,9.027429109018767,9.166325464545357,9.05996816061122,9.02094544186135,9.127997755125607,9.12575705536237,8.913462933796717,8.933901188960037,8.929299600608207,9.175143073938743,9.18685807042074,9.389106818183597,9.15615209325321,9.14982009460688,9.256343419172191,9.37069318391496,9.156181257074499,9.10997925941292,8.945988818592543,9.217324770655225,9.023545724459218,9.185333619348318,9.051283636790576,9.270798678101192,9.116801301937205,9.054743532101222,9.343340096046521,9.1650248588895,9.344416259690863,8.985764583435612,9.265831261537475,9.145044754778105,9.122657788815491,9.012747743457986,9.272457594868408,9.12408275435939,9.333772876017191,8.94519479998986,9.459821765986835,9.057249876733547,8.951603785196731,9.205947313687105,9.032757801523108,9.324128743805218,9.127513382587637,9.286914471206668,9.313272124161916,9.331532940468193,9.168730162512624,9.353399595033615,9.369137571333148,9.118417115962814,9.231481624892217,9.398644905623987,8.818541275463351,9.387976452232706,8.96840547438226,9.232553060272235,8.878807862823782,9.301382917724057,9.326916486963157,9.13477376823723,9.059849844860883,9.222410555018275,9.392562082474862,9.216632767994943,9.069274054330842,8.93785339937235,9.282014038285743,9.225430825363887,9.272670286686864,9.270722555005868,9.34732120103155,9.319119347481159,9.09879375469778
9.273713516716846,9.310930567862204,9.31224028974055,9.144374397949967,9.486866355111475,0.0,9.213061837567984,9.141093654518786,8.839378112045827,9.354273964677857,9.577037257897672,9.466519839083924,9.273158184109636,9.322983952853091,9.054631888849935,9.090421611547155,9.125085699645725,9.472192321113633,9.241170432203447,9.346163740934742,9.176706630380973,9.182214994465651,9.21261340709433,9.124621657797611,9.382479113040468,9.342652119211412,9.227761832640752,9.114529808250577,9.051349383333939,9.259690029155141,9.30227734974622,9.15994261144793,9.060475932372082,9.141042324875006,9.21352101106774,9.163423091503866,9.285935166634824,9.073158468242674,9.387565634913276,9.436838291035421,9.178777797344663,9.38915029107941,9.136471579063718,9.232482819570903,9.362653409671262,9.022347573514594,9.395343325088714,9.282446787317179,9.212916503766388,9.24428196034729,9.125438104851117,9.284503405083328,9.235197027445716,9.20443845744511,9.165494762994973,9.121450909763137,9.298449676254421,9.358384119735604,9.26122901422937,9.285051485657394,9.320001026202624,9.22659144126494,9.31067409152389,9.350420251877386,9.18757099980538,9.13107557397787,9.276549719309665,9.3220853694206,9.362741823218355,9.133123674793966,9.266194781173999,9.271532308110242,9.41690828356599,9.447769337731758,9.390773676807648,9.222974733753373,9.304698569341653,9.064911199304134,9.324213022358945,9.27903808541205,9.2715631662046,9.230550577557318,9.4429701558233,9.207334944742044,9.281698402336374,9.389410311674347,9.374493801438193,9.319165602894913,9.103375037465716,9.43722715678135,9.147007987694835,9.402999366942792,9.001132046181356,9.219454670499049,9.275752330610608,9.35539086932615,9.379632237754706,9.557236762586392,9.516603516626915,9.001306650889072
9.25868600836871,9.385067836250073,9.438350411808928,9.459889915422593,9.29133484480256,9.213061837567984,0.0,9.238436094764674,8.489180916139857,9.267282373112833,9.441994108586492,9.292885009080452,9.10659731986068,9.452923632281914,8.86070367985232,9.055211997454707,8.945587553767998,9.61588400614975,9.124835705257889,9.426464373815897,9.282436513357455,9.100490732899509,9.15180981357073,9.055745310703267,9.266778111873998,9.269623432432493,8.964716093862354,9.032643774911813,9.09841516129406,9.203508404709934,9.373839446395317,9.145866886387294,9.044463631841046,9.161395088803044,9.173067759432534,9.367480301277618,9.401628442488326,9.251367828686748,9.254832062436694,9.274671490139152,9.280157879111242,9.251319997270365,8.996416862141388,9.123377825631183,9.250267231148312,8.909523024545273,9.071421053596874,9.052003029722076,9.210335722363888,9.161105694398756,9.132918175313554,9.080663119397629,9.319448451802327,9.127751183879012,9.225195128488688,9.402418401760146,9.124159264699276,9.25573841151966,9.139338267472386,9.08764149635694,9.244577829099674,9.14677861107182,9.309622300760246,9.387279149288155,9.037569679424287,9.13785013970908,9.23085680455457,9.169048855207375,9.130459341170175,9.070099689310114,9.111312424624737,9.432016965143866,9.419673833363506,9.339134275515761,9.202312958258824,9.214996918767289,9.342405905102986,9.074634084339072,9.210215196445942,9.069341352914421,9.262914354371727,9.084654779000315,9.332182495373369,9.019943604557321,9.301842652582252,9.307938450628237,9.258846691971398,9.10527226233194,9.210990925019999,9.261558939996196,9.123675524596708,9.108150445673129,9.084527126806094,9.159519067657497,9.205768717132743,9.312353760255908,9.189798288217483,9.507972584288105,9.404049638170141,8.975048657978737
9.12315621756622,9.24393903785323,9.395580031764977,9.307122028144756,9.186630519284618,9.141093654518786,9.238436094764674,0.0,8.6906763211751,9.165665820421374,9.526560545913775,9.40701361816822,9.064924665538845,9.511574771112555,9.083611673645988,8.934023307611051,8.863471051432946,9.418652035432181,9.167922563928188,9.242301005088091,9.113651691597706,8.965236493984216,9.165410273599237,9.098561485529293,9.379408143328694,9.215125247396006,9.247825160687064,8.89856224876889,8.889874954631498,9.126697121182278,9.118237223336271,9.106375303433973,9.00779640745527,9.0630610851362,9.309180570571602,9.215302834711903,9.372417043266383,8.952266845053217,9.168433510402307,9.08686237433244,9.160982438754266,9.20769455939548,9.003974884499797,9.164587813961122,9.248228986129334,9.01640562383565,9.27709415782677,9.16512641682198,9.187946334688785,9.126678312455358,8.919442668661045,9.273456422421722,9.184625500315986,9.228879167773266,9.177743311404992,9.267901444900179,9.230002153753853,9.226024175923591,9.298803305798112,9.14233966623172,9.351790932882523,9.1782774016703,9.140907113702017,9.284298380121829,9.236269683878868,8.915423250105158,9.1390035120286,9.265892192210947,9.22647939672037,9.154208323459592,9.37835633279536,9.32770214048882,9.409104633279407,9.188076286666833,9.396226377083224,9.24990803440875,9.034487873165313,8.946405415631457,9.282682674304661,9.107185427782595,9.083791412095339,9.234231240949521,9.320558479177604,9.03085548040759,9.062264695894566,9.23078820397799,9.039228353734462,9.280261054477823,9.09918952099388,9.136638587185747,8.854806627071651,9.257008552249792,9.158965974106671,9.298739308872735,9.227039192411658,9.212548397356336,9.29269412622277,9.26285258045523,9.279080429555725,9.030398424384442
8.563227490337363,8.853148302343142,8.78510153801327,8.596718237392976,8.61940152456083,8.839378112045827,8.489180916139857,8.6906763211751,0.0,8.617161824247786,8.767345565597466,8.790367090677567,8.502524954566576,8.90342608739748,8.468553153702812,8.558661498476722,8.351223117081085,8.985461890778069,8.551139925095056,8.839447592481918,8.538458493047793,8.490363099653916,8.558764457306003,8.604085138287193,8.68325108973043,8.666386037342335,8.619299290050488,8.392862430095457,8.547144130674722,8.616059908234456,8.783296285571648,8.574108858208085,8.475470209721635,8.478819543979869,8.731608653911294,8.674232506124822,8.893828285928947,8.627052394649029,8.55409083963769,8.692266899101456,8.702880417624762,8.623342161209706,8.422745074055104,8.427740938221662,8.635913081485741,8.393779140487158,8.635307897259295,8.638333836012727,8.74095165527437,8.53651036884181,8.637549516947201,8.527223412315122,8.723460466592774,8.640999370280472,8.425956911706212,8.750536221013741,8.573615440050201,8.733276953284685,8.683314790419136,8.621430473855678,8.676281608432735,8.773834464110505,8.667707331851082,8.67036559569366,8.490113286676772,8.46573779600243,8.500298887495534,8.532987424674223,8.692095302742207,8.503080819494283,8.484540006884167,8.879267566476969,8.839706089432985,8.619394885993076,8.727717774776654,8.809665088674448,8.613803396163272,8.483628607247203,8.668172509857227,8.580195276132269,8.621649492169135,8.543717102567882,8.51122754147105,8.526789466782901,8.44997991977089,8.730496714161031,8.715599666762438,8.67432529782914,8.558987307673155,8.763231137582936,8.433794126122383,8.60631095515587,8.32833661638976,8.476085456046507,8.71479735112032,8.673549950856339,8.758427076869445,8.887771658092186,8.796912293160293,8.492208163210831
8.914994507861197,9.446160593128399,9.425375318263816,9.419506983722993,9.1190341625425,9.354273964677857,9.267282373112833,9.165665820421374,8.617161824247786,0.0,9.692590176072084,9.344961642803502,9.30096253367007,9.47865386805482,9.300185285793916,9.024021727569611,9.085172507832215,9.63000001711266,9.212649017329593,9.42615640765535,9.314208008477978,9.09134602970517,9.235648904833887,9.266070864983838,9.298355728325749,9.315057800080881,9.189814477154135,8.97082623098907,9.16952853755711,9.435329970920797,9.151860666001332,9.186621383902347,8.996040744931776,8.970456270076756,9.15362948782028,9.388518492285163,9.445789864642988,9.13123933868517,9.110575104533828,9.26309926183296,9.131487904503716,9.19574227702096,9.048118387272442,9.04232541920586,9.21372719695256,9.063285846181277,9.173573013471692,9.355396985632895,9.346722082317523,9.221517890885105,9.264538037002303,9.252804305301558,9.433499126078232,9.32821946599466,9.242725708124471,9.296756006328817,9.16132097139479,9.272512722423194,9.325769992977206,9.26820520303402,9.435055447705091,9.35749708896666,9.313581365487849,9.526325091606761,9.039868529047363,8.949383284989008,9.178318963811666,9.162164541975782,9.328695870827316,9.025581455256429,9.340194995486494,9.437573161062655,9.436449005013419,9.358671897500125,9.44429105247645,9.311214076615702,9.30028495762193,9.349479016155668,9.485063153963075,8.94660965622287,9.192143311395148,9.40510587609344,9.453984093840122,9.158639433318207,9.2124498466876,9.256061938923459,9.188095800063925,9.299691012592167,9.279488650078386,9.354627930639632,9.232140698397094,9.047394469110293,9.099703907603516,9.156209170930726,9.406390724523533,9.145579503272803,9.153013106391864,9.133811980836343,9.332113004560265,9.274423471305246
9.490121624471714,9.623596089018404,9.539154077288714,9.542281573831142,9.324892132419013,9.577037257897672,9.441994108586492,9.526560545913775,8.767345565597466,9.692590176072084,0.0,9.597448772940586,9.459944757215569,9.688063475926148,9.34348789217447,9.311310762598131,9.162235321760111,9.659594305455903,9.309082633117768,9.498819378221597,9.501593606700643,9.43481649684304,9.456701689708972,9.366008057523427,9.44779477501707,9.337887561113805,9.270950922416716,9.123361100682,9.25290572432583,9.467593282920468,9.488864998510673,9.47861523264425,9.197097021774299,9.252075787198802,9.48276964958291,9.364692820303949,9.71052541802157,9.559540733255009,9.421587128298144,9.588044001179526,9.41973943848062,9.46321170604658,9.259890243505986,9.255338623183118,9.362784196235298,9.349969841403567,9.519784904422202,9.513350492095265,9.557259912810556,9.249296006915076,9.372494782461372,9.486044018869494,9.28234486913362,9.395823634467579,9.182695235314519,9.535663520918703,9.383504443418165,9.504215309144575,9.274873848851497,9.329987153170165,9.53948958656938,9.457796011519164,9.36872511358436,9.536484778530943,9.212553780345694,9.385044261277237,9.478640989602129,9.423359160934945,9.50892741704124,9.37637278360606,9.337331142711623,9.589091110994875,9.62809247955803,9.495718141610057,9.677258399937461,9.374435204341147,9.34100158483608,9.137755375540683,9.486626296593059,9.304518588412265,9.463471707197613,9.31535797299487,9.564421417077828,9.258571880116142,9.302721458040056,9.501053199611897,9.54069156467321,9.5727328731478,9.304310314563219,9.67587074481724,9.279923572225563,9.467390611216565,9.137345415261096,9.400159923735174,9.572846842370376,9.678611566262278,9.572428815750849,9.524536570090957,9.574961402755513,9.344765700438602
9.16029575786623,9.54608940226188,9.380618026967685,9.460267752795893,9.21839867908429,9.466519839083924,9.292885009080452,9.40701361816822,8.790367090677567,9.344961642803502,9.597448772940586,0.0,9.196329661775227,9.31404541300752,9.264659914958765,9.350135484009627,8.984034470448726,9.658235709942504,9.167915490365111,9.058202948124649,9.409101389869479,9.20093700778834,9.1752046068541,9.387175524674857,9.37432289221467,9.350458601042234,9.111123180639858,9.088678263135998,9.258902312568775,9.356067308618426,9.37734182990691,9.179407824861945,9.02623400929895,9.225512284111755,9.281768681582106,9.273396364167398,9.54637112200867,9.372307963099365,9.200101138678534,9.312896515258089,9.334035665335644,9.368331775657236,8.965654324057788,8.938573812786949,9.463048445858865,9.194682732523065,9.29059210295744,9.230137299645792,9.576666417540686,9.242552775035499,9.202848109692896,9.624341669729082,9.285891210526348,9.266076216880112,9.143536278501307,9.32592543031714,9.475073789445108,9.311679880781364,9.14214522280752,9.462453832475923,9.316086046646179,9.401443013564709,9.204498965641536,9.400467929962108,9.359139823187837,9.276709271067103,9.414765517707702,9.184102163191856,9.495056874053146,9.181365787407012,9.278822250609096,9.346187005824973,9.530791324772943,9.319677671826332,9.545115506975486,9.480451850263059,9.296730566104946,9.229560746045362,9.329901291303608,9.110488849676406,9.332386877118777,8.969790727264375,9.240834824802214,9.16734667481013,9.331481840775696,9.069399818153538,9.38257628436527,9.32572540652523,9.16370824989317,9.362172620929504,9.24827642105565,9.241524189663982,9.097208840034355,9.196754413816151,9.394258783081085,9.32879564695552,9.496418327957668,9.319924077064474,9.339073005760989,9.090723746751195
9.134121868686213,9.154312918363901,9.372675900074217,9.11471186665324,9.105109287467052,9.273158184109636,9.10659731986068,9.064924665538845,8.502524954566576,9.30096253367007,9.459944757215569,9.196329661775227,0.0,9.34061933142706,8.988529525172755,9.051496468422837,8.747263017111544,9.50384845081068,9.136287449070918,9.014618762900053,9.208628331863249,8.966586074561462,9.241785887169067,9.07155645943295,9.326972110628477,9.32054824722807,9.104544089821088,8.83804406807404,8.933851230848957,9.035971915192546,9.25365643790081,9.053759338888124,8.845617521734722,9.024980421388475,9.070504277688341,9.205835846638474,9.266393208299565,9.202312958258824,8.91066827770361,9.238386957640472,9.203741341177128,9.324703132056085,8.948561858666391,8.951794696925218,9.235249486009984,9.020068364529243,9.129545986757305,9.294107387420604,9.055482870589024,9.071609864284572,9.08830428519388,9.171379218925786,9.010014366621107,9.208539267146028,9.045596860948468,9.038202375077223,9.133309539244165,8.923193090982894,9.345109821488649,9.06695657528401,9.271359500883833,9.294521514741266,9.060379516871581,9.291355783596023,9.063194932272564,8.90452157364821,9.221051669103549,9.158948064645793,9.164116198292161,9.098299861170192,9.359658264051323,9.272908479276557,9.376862201118747,9.085551233190944,9.319309689083987,9.282738152080864,9.264731558684913,8.926888094665884,9.172863570686408,8.954879828434283,9.194949911872056,8.992758910901028,9.288036190281165,9.19329236186273,9.019159903301865,9.145380957559215,9.08330804197191,9.244114008320544,8.891380559530367,9.214334963036407,8.94656445933298,9.13111526212301,9.035952917617186,9.162546329979644,9.272563324293198,9.203270488424508,9.217583016708984,9.406878985796403,9.339875607693472,8.977822848585616
9.340518864794086,9.417122168762932,9.578755045295472,9.326089045770924,9.326732844712591,9.322983952853091,9.452923632281914,9.511574771112555,8.90342608739748,9.47865386805482,9.688063475926148,9.31404541300752,9.34061933142706,0.0,9.316476676882653,9.376169767515803,9.109872480519588,9.633063171540739,9.378753317682756,9.179929351867226,9.465910936018403,9.215631093165161,9.241039575662732,9.108387914868077,9.410272998964434,9.2502853761933,9.301428851220463,9.274934720120676,9.244373569257588,9.367882226374677,9.339269884476925,9.088378578333183,9.13015058244951,9.259342321517808,9.373476031733396,9.264860021909987,9.449350760627064,9.37175480942645,9.240559477278689,9.390968659217133,9.212527279444643,9.511512205791357,9.103426160456662,9.101377244627509,9.308712592348801,9.248264871704693,9.25891096463167,9.46994162133661,9.365792597740285,9.3769028830538,9.172866065892,9.617526633312771,9.438484191102065,9.38512067649131,9.102406579690461,9.455050488301378,9.359756079861896,9.561552511908737,9.398487829769644,9.501783504716776,9.40986639821864,9.63832853840126,9.361161254185053,9.556343839595057,9.263492950056268,9.356337218301729,9.442160560863647,9.227632852950299,9.40279327446396,9.343080834760196,9.358865918307382,9.628852370538912,9.571146727033817,9.551700252948057,9.60991527000015,9.510603357984715,9.496565750173232,9.394500795818622,9.381864755553872,8.887972524880315,9.468320528368782,9.162169954566831,9.362236184247271,9.253134119196156,9.533721903460345,9.32429730015091,9.350369663376783,9.39000142545354,9.292111190859739,9.676385225396592,9.002315647194267,9.483162263512803,9.16121853848402,9.348837599687569,9.460970159548294,9.277201890362782,9.39802592225365,9.286104827045984,9.307745417439143,9.129800448289433
9.247771948461,9.228712588837258,9.27462048846626,9.188503911191232,9.198626987999647,9.054631888849935,8.86070367985232,9.083611673645988,8.468553153702812,9.300185285793916,9.34348789217447,9.264659914958765,8.988529525172755,9.316476676882653,0.0,9.0269638503198,8.772277809736272,9.295347662093102,9.039047307139349,9.204912980231416,9.160689699952105,9.051844574325937,8.953136504001117,8.999740172980125,9.207170047612053,9.085878301478473,9.167115310324888,8.950611234283677,8.914144236451513,9.108619514662506,9.155413801007347,8.912074062019125,8.940350698125256,8.91609712962473,9.157337736024651,9.112914142171958,9.288854700945292,9.135317887077013,9.18121828991716,9.212917331885713,9.19297616944865,9.238225505249362,9.046499293931198,8.82584144968183,9.099782718956897,8.892627671520767,9.100802593679367,9.154952963141003,9.223952037967807,9.056080616379864,8.824585763864986,9.231403524662772,9.114421408531904,9.173702753228374,8.794909947179898,9.283495904216972,9.196406400656462,9.088345839058505,9.18032328250422,8.970382276063319,9.044107649664003,9.143404859076961,9.106007079351476,9.16486502773295,8.989515767703674,9.03677864203266,9.168583709935453,9.02568204632576,9.196448710468479,9.010912319655516,9.003979121180171,9.252247717694866,9.401583810040043,9.120794293799454,9.240561128562655,9.135841930992783,9.155862533130668,9.025303344700786,9.280653603655033,9.015712162436111,9.160932053368029,9.015904678423023,9.265220285875602,8.955638486080117,9.077011381513035,9.184411600253503,9.258670763882083,9.210442579075199,9.021700235226026,9.30640309081707,9.016871427325226,9.275588649773375,9.050528781680512,9.16028201539464,9.238102865613916,8.93758365618628,9.01451635568726,9.327285805530293,9.168985616806852,9.094094810634244
9.113568395872717,9.240443886667796,9.03388700958525,9.15034872755883,9.002809298010686,9.090421611547155,9.055211997454707,8.934023307611051,8.558661498476722,9.024021727569611,9.311310762598131,9.350135484009627,9.051496468422837,9.376169767515803,9.0269638503198,0.0,8.85531237800292,9.31126364879143,9.177672235571187,9.15846116379121,9.1507385122636,9.083950989981117,9.048232218871325,8.83965214661992,9.069300553207732,9.008264349980028,9.013262407749872,9.034634810531523,8.992452635779534,8.936309094881276,9.019448776826273,8.967296522441238,8.918629177801531,8.966574162380672,9.010843737997318,9.098629406007868,9.113311806769389,8.839400552991728,9.03182485262292,8.997321683998608,9.048733060894449,9.225062391282071,8.907560124993324,8.838722983939276,8.981088478372076,9.121164848491633,9.184297379733248,9.104904831583221,9.128805124867794,8.918903343630726,8.887699550958361,9.09309683744844,9.072144315994668,9.227971007408629,8.89695581386725,9.16966665479496,9.129769111045256,9.181513698003238,9.010080837687315,8.942238998464761,9.262045775278773,9.105343065413141,9.241375175628287,9.29193917688833,9.055388086976821,8.800784717598074,9.107175374974771,8.804150244256256,9.178633998723313,8.984447180416574,9.275128436163255,9.277587167859247,9.180059832874525,9.246927524325944,9.255138310368082,9.101563338251035,9.154977963982004,8.898148984979219,9.308496216180174,8.8987195754787,9.14392635360523,9.044407957827708,9.152657178265313,8.84046384328082,9.154617528587776,9.167720757191285,9.13879355316783,8.993965669104549,9.019516024240072,9.295690329588938,8.825887264787728,9.124873330269141,9.05033658070909,9.099749182294206,9.142003351605256,9.161700712680505,9.260434013725199,9.070574511046653,9.209522659572944,8.940935661627988
8.739009821688851,9.034340511165144,9.212248187201519,9.13049568961543,8.98139429155686,9.125085699645725,8.945587553767998,8.863471051432946,8.351223117081085,9.085172507832215,9.162235321760111,8.984034470448726,8.747263017111544,9.109872480519588,8.772277809736272,8.85531237800292,0.0,9.175296073938627,8.802605884698469,8.90550041390546,8.942724021641622,8.683960557226907,9.089109305041081,8.919514519177179,9.116608824421476,8.81775914173994,8.852898815859563,8.707645906271333,8.752006518680579,8.946495810789857,9.026426300875487,8.723270679910172,8.528486202386498,8.742507342367386,8.896345232515078,9.041977368713557,9.161637839936494,8.839751401141571,8.933992137624518,9.019150598290752,9.079192264608915,8.842968801765837,8.634369115175112,8.69279351639347,9.012803613043234,8.604142331388356,8.79604496944463,8.999049242451472,8.976321118382101,8.851854688193793,8.862351551615072,8.912738778659515,8.918502998807933,9.128267722106168,8.72046275389614,8.980628464760711,9.041476574377635,8.919195464249686,8.806373143739558,8.874302366534272,9.007161152459036,9.054253976760515,8.84568307191644,8.845738702939602,8.666340699545886,8.74645662768867,8.845694715647912,8.80152155119846,9.031156229238539,8.681532752071663,9.001241386418988,8.741512869132604,9.053029972587648,8.909544004337954,9.115224540317707,8.963233021829415,8.913511722275599,8.909448096310982,8.806234959954333,8.753400741205262,9.051509954615092,8.79583332947828,8.915428812493795,8.677415881857844,8.837967238963504,8.898061957066655,8.916451377289858,9.061872368487315,8.732185321317903,9.041514968185469,8.661201465595678,8.972218763142783,8.814555476291979,8.838566747272777,8.984396654185861,9.056853962537458,8.912198619909828,9.14948572266539,8.84955182853448,8.903211429989172
9.43919872633344,9.64605075489527,9.572658752575572,9.387525405544642,9.358278544654244,9.472192321113633,9.61588400614975,9.418652035432181,8.985461890778069,9.63000001711266,9.659594305455903,9.658235709942504,9.50384845081068,9.633063171540739,9.295347662093102,9.31126364879143,9.175296073938627,0.0,9.28819020557406,9.41658420582903,9.443883492758934,9.351522115749267,9.44799665580516,9.441718971082874,9.669853036073393,9.482325123412176,9.587031394517943,9.170263197521454,9.344082319288955,9.405193484971274,9.406487648835526,9.390797237397166,9.287652989150434,9.217796974705752,9.430799113745776,9.424897324384776,9.81715311897131,9.405716687668804,9.27233170534285,9.483679555820117,9.418823760312751,9.38456909100923,9.104160707473259,9.442888957065456,9.318755436261828,9.301119615983865,9.51578815990558,9.51477227359946,9.730507953554104,9.422055168390354,9.272109954603316,9.48197511981821,9.326666585373713,9.584786567520524,9.121051090639,9.512210427487235,9.44821750844645,9.363974229284231,9.27578194090581,9.417822122717983,9.523221996895192,9.495406797190977,9.39183831271013,9.73088155549989,9.237210066069057,9.307322861601914,9.395598708195728,9.41452159474448,9.604600169782536,9.410709983967402,9.564797119286194,9.605627206780644,9.633308292695162,9.635729469514384,9.408687035056104,9.34773133849908,9.410424608305076,9.279381766279231,9.431390464752948,9.253461447863163,9.593864117170437,9.416191651733092,9.599364386815378,9.424654068403893,9.469939204406554,9.545952735219617,9.451585376300015,9.490667879260847,9.436802314080712,9.482592646183692,9.19056785381545,9.458955539846096,9.215021342740773,9.402892670022606,9.409281802848193,9.372721077180575,9.62811070496545,9.4541870529428,9.632127377044865,9.199353104114424
9.067358358963391,9.320162699183841,9.388841100968653,9.172145755027275,9.02089089132246,9.241170432203447,9.124835705257889,9.167922563928188,8.551139925095056,9.212649017329593,9.309082633117768,9.167915490365111,9.136287449070918,9.378753317682756,9.039047307139349,9.177672235571187,8.802605884698469,9.28819020557406,0.0,9.280165689238881,9.089837874675798,8.969841761049173,9.223104192187217,9.130815299024636,9.04474115325015,9.131258555779702,9.043732672241736,8.915502834719893,8.833323016850427,9.149191365181885,9.292321790741823,8.998434142482878,8.810322810482164,8.809025072588463,9.15287473785132,9.276711738340776,9.342360989723351,9.285875599895698,9.069192874749884,9.018482727193282,9.297616829647128,9.266496536925251,9.02819392361844,8.941696355603913,9.248151852294894,8.867717064996166,9.139441363001044,9.179502159033207,9.265928832760862,8.916552343853738,9.017370203838057,9.178647298112317,9.10116557946207,9.329772497022176,8.880070916657326,9.183071600293296,9.182825677020706,9.073828200673189,9.129386370156839,9.109532454685517,9.090213887769123,9.351480507550955,9.15836827899443,9.342712957187041,9.146086692921383,8.96494034193606,9.280624008903114,9.147799084390677,9.306330538184076,8.996944332617533,9.191571429933104,9.099667016948255,9.426629076949752,9.028937126120738,9.462154697583214,9.389351807668305,9.162737842506889,9.23966980513428,9.266756705891842,8.876778867582814,9.246179564979883,9.040044495464636,9.472350188354541,9.052217108671197,9.106813047618653,9.073174024421741,9.26184231254565,9.28496356486545,9.081052954702626,9.303793709695961,8.942670273667433,9.259501757801786,8.964580350841818,9.078606545156465,9.318872920964736,9.265856786598102,9.263378881027,9.175372572981837,9.158230824427614,8.946515424713072
9.329799482637902,9.265807794887442,9.500390697275503,9.199532239881394,9.294320404670154,9.346163740934742,9.426464373815897,9.242301005088091,8.839447592481918,9.42615640765535,9.498819378221597,9.058202948124649,9.014618762900053,9.179929351867226,9.204912980231416,9.15846116379121,8.90550041390546,9.41658420582903,9.280165689238881,0.0,9.47811134807787,9.124240373320768,9.161975099274532,9.141877752027087,9.205545362969405,9.000175474363594,9.123973631944898,8.995304578254503,9.090863480887005,9.281086416119427,9.294459130041917,9.138552282357573,8.8986882818316,8.999106468773894,9.221351592652375,9.039319086678002,9.450512939741353,9.424307589810685,9.100881814675295,9.220928801053697,9.38913200811037,9.30431441448712,9.01195325740607,8.90922930226032,9.243065373961402,9.15815168298359,9.145857293192444,9.157651826483558,9.233604954145415,9.008559924677412,9.092705001303115,9.3481263593655,9.271605544486812,9.328979248599538,8.775487780802594,9.387872835316333,9.135055645051299,9.26343818062546,9.125163873742556,9.396348170845624,9.226423167211074,9.429029693035675,9.20738176173064,9.480855826203962,9.093145081630775,8.923559026570262,9.22028754392064,9.3022359313637,9.124071047802707,8.926749212421331,9.24446352667347,9.338533406095296,9.407431696173195,9.323106294262717,9.469303933235032,9.054064382814191,9.351542919779,9.290463995540879,9.243286170697,8.825734258693615,9.310551996471741,8.992716491146417,9.194520927590009,9.09756861472927,9.121281950681501,9.368390410929807,9.200665441579272,9.366824234511629,9.177661844321294,9.409699780076508,9.098890182394198,9.136560093748614,9.134492300339463,9.226354533669136,9.388690768326631,9.222982592304358,9.238540561899763,9.296101513910742,9.225002017964295,8.921260565395654
9.232473316376153,9.363942860959817,9.449514257471039,9.156250416622218,9.153246494371205,9.176706630380973,9.282436513357455,9.113651691597706,8.538458493047793,9.314208008477978,9.501593606700643,9.409101389869479,9.208628331863249,9.465910936018403,9.160689699952105,9.1507385122636,8.942724021641622,9.443883492758934,9.089837874675798,9.47811134807787,0.0,9.256480653144113,9.352413384169802,9.21917040884611,9.33775438322227,9.315338316674364,9.298485368013447,9.089356085167351,9.233097201012228,9.213205926937075,9.187330179526407,9.177294817828392,8.920587503561153,9.046755669684721,9.214381330465038,9.306622794775679,9.341711734205889,9.178481885590944,9.278749893437205,9.191451488015534,9.157195683618754,9.37647937546474,8.949646278935631,9.2921165277578,9.183512750201063,9.012206806381892,9.316355067338442,9.251686973359364,9.283649583928078,9.0353863493452,9.062719302976937,9.325970015812825,9.189325890790272,9.194638340171025,8.930965141948501,9.379343476246627,9.337734774047142,9.326781516396203,9.222410141384842,9.253827926800245,9.142326314025818,9.326900944997377,9.331100832646888,9.424159037260052,9.063157893011262,9.148877818182472,9.298629774651486,9.266552523269045,9.367824809559457,9.197530033428556,9.273164354654645,9.274428818381569,9.43602776570296,9.167315465912717,9.458565954185019,9.379196245126224,9.160894992865735,9.16722391920071,9.362023897378073,9.064686057729485,9.209777396594568,9.232749731393083,9.271819901567834,9.051797795739857,9.235417186192908,9.257920456912743,9.261027593095603,9.383592253975403,8.9872154986644,9.441786847159149,8.990310539339006,9.215513120161628,9.00497087320365,9.093557873561078,9.190559137413826,9.245101043825692,9.376906951237597,9.332053323801855,9.387698106161162,8.962410736703541
8.978327193408276,9.210238804739648,9.320688628595555,9.183695517965479,8.969202967247188,9.182214994465651,9.100490732899509,8.965236493984216,8.490363099653916,9.09134602970517,9.43481649684304,9.20093700778834,8.966586074561462,9.215631093165161,9.051844574325937,9.083950989981117,8.683960557226907,9.351522115749267,8.969841761049173,9.124240373320768,9.256480653144113,0.0,9.085177546410675,8.713660939174224,9.21979891741879,9.045943085367657,9.009865757559226,8.79350104938678,9.105110544353778,9.089338877926874,9.152325410779747,9.008644614780303,8.913366211987697,8.820551231268798,9.212452745251728,9.121559225943903,9.328853712899548,8.901547980970475,9.14700173204505,9.10568534236711,9.1415551910512,9.185736869779165,8.792313634802523,8.884791171443268,9.04462769947818,8.69477067957575,8.994667592800774,9.016874811822015,8.991865508597591,9.123199703346872,8.852748431145903,9.302810031119503,9.150960286096472,9.183756993577838,8.848112398561522,9.031830343323879,9.247111926406655,9.103575337379256,8.930793860541861,8.952588556272993,9.197567775815662,9.081407488660426,9.206254359061044,9.011029161278426,9.080340484419528,9.094526854167395,9.103822144391813,9.175589178226002,9.164459193912892,9.057299996551901,9.11263492939585,9.180846419530386,9.34080800974425,9.118571486108207,9.190655017377026,9.234186625616722,8.886500684137694,8.848405994033836,9.20977656819291,8.862183248565353,9.104744782995104,8.875199006764184,9.207726460017152,9.09029194210909,9.02029208232684,9.117387914865569,8.934957929703218,9.17682510226274,8.942280804488759,9.104266296353698,8.845462700627005,9.130679936405295,8.91037973059282,9.161527915691792,9.18140941297107,9.092512852783182,9.09578134193071,9.174953483442836,9.293790930816265,8.895143242422948
