0.0,181.34239752769054,186.29955348438216,181.50158976392237,187.3730891139076,186.34962246224484,179.33207563152826,191.18199088693774,184.0844498801224,189.10496123672908
181.34239752769054,0.0,172.66710733623347,163.62603906924028,167.78621658278826,174.51157118239865,171.7030612056551,173.07891549590647,165.8477956715078,172.118441046094
186.29955348438216,172.66710733623347,0.0,176.20104709740178,179.59714562860563,190.06975345975832,178.91752086383417,192.1985430202294,182.53148040764376,187.4449112333166
181.50158976392237,163.62603906924028,176.20104709740178,0.0,176.76129887298612,178.92429126126035,180.4409289325336,183.27963891343757,170.6543463094033,174.42903097096809
187.3730891139076,167.78621658278826,179.59714562860563,176.76129887298612,0.0,181.20012628195423,175.99772273773908,179.50925821040857,176.58164493702395,165.6343323412987
186.34962246224484,174.51157118239865,190.06975345975832,178.92429126126035,181.20012628195423,0.0,185.69442984162424,191.06841800675295,183.3066111442104,180.1659267318205
179.33207563152826,171.7030612056551,178.91752086383417,180.4409289325336,175.99772273773908,185.69442984162424,0.0,189.75300363360316,177.39047806283224,180.31881702302883
191.18199088693774,173.07891549590647,192.1985430202294,183.27963891343757,179.50925821040857,191.06841800675295,189.75300363360316,0.0,186.60304261593365,178.910566588471
184.0844498801224,165.8477956715078,182.53148040764376,170.6543463094033,176.58164493702395,183.3066111442104,177.39047806283224,186.60304261593365,0.0,172.00809298453248
189.10496123672908,172.118441046094,187.4449112333166,174.42903097096809,165.6343323412987,180.1659267318205,180.31881702302883,178.910566588471,172.00809298453248,0.0
