0.0,3455.1438786049307,4356.188159792218,3958.079553790252,4022.057154394402,4724.06551159341,3862.051229535976,3869.0969190235955,3977.276971294005,3808.1214353636124
3455.1438786049307,0.0,3996.446175433507,3658.507505084286,3696.190335490321,4392.673623496947,3455.8821026605656,3573.7019340595875,3532.848666044706,3470.975900061725
4356.188159792218,3996.446175433507,0.0,4403.876379734713,4538.748317975789,5148.200484471565,4313.369410922451,4484.889060099944,4394.082450989979,4313.62782596945
3958.079553790252,3658.507505084286,4403.876379734713,0.0,4238.861323903893,4833.182139840892,4004.704725967188,4178.007093493978,4075.980275577704,3983.4673137814007
4022.057154394402,3696.190335490321,4538.748317975789,4238.861323903893,0.0,4958.9931136872865,4107.972691234214,4188.670002349396,4161.998265289218,4070.804394043788
4724.06551159341,4392.673623496947,5148.200484471565,4833.182139840892,4958.9931136872865,0.0,4661.68421678147,4774.2682739222,4741.046158941244,4755.89631464992
3862.051229535976,3455.8821026605656,4313.369410922451,4004.704725967188,4107.972691234214,4661.68421678147,0.0,3967.6920818904523,3939.0940712964366,3814.930658925364
3869.0969190235955,3573.7019340595875,4484.889060099944,4178.007093493978,4188.670002349396,4774.2682739222,3967.6920818904523,0.0,4097.438885294914,3891.038619084959
3977.276971294005,3532.848666044706,4394.082450989979,4075.980275577704,4161.998265289218,4741.046158941244,3939.0940712964366,4097.438885294914,0.0,3916.8083892541235
3808.1214353636124,3470.975900061725,4313.62782596945,3983.4673137814007,4070.804394043788,4755.89631464992,3814.930658925364,3891.038619084959,3916.8083892541235,0.0
