0.0,186.70050437019,191.9102430697052,187.10739394861452,193.11620810806727,192.3099823008215,184.38157207558663,196.9687636572184,189.23882893036466,195.05429590337133
186.70050437019,0.0,177.95468276630788,168.93509523720877,173.07728200898714,180.05562410241203,177.0585083826977,178.46390769499067,170.86755269412254,177.64132953257007
191.9102430697052,177.95468276630788,0.0,181.9463104430716,185.02252577260396,195.97945139583982,184.0964446696484,198.1469207989984,187.89832265506834,193.52488064098475
187.10739394861452,168.93509523720877,181.9463104430716,0.0,182.5143576914062,184.77694211350695,186.21271770312455,188.91264908389724,175.93472329811198,180.0191589774982
193.11620810806727,173.07728200898714,185.02252577260396,182.5143576914062,0.0,186.9914395371045,181.09059824243843,184.69976949782233,181.7115045695599,170.48634669319986
192.3099823008215,180.05562410241203,195.97945139583982,184.77694211350695,186.9914395371045,0.0,191.53484515713126,197.12071623029004,188.7667584229422,185.99505426317057
184.38157207558663,177.0585083826977,184.0964446696484,186.21271770312455,181.09059824243843,191.53484515713126,0.0,195.69933672445381,182.64544590110734,186.0523604947049
196.9687636572184,178.46390769499067,198.1469207989984,188.91264908389724,184.69976949782233,197.12071623029004,195.69933672445381,0.0,192.2181201207037,184.3064065746201
189.23882893036466,170.86755269412254,187.89832265506834,175.93472329811198,181.7115045695599,188.7667584229422,182.64544590110734,192.2181201207037,0.0,177.30405722703142
195.05429590337133,177.64132953257007,193.52488064098475,180.0191589774982,170.48634669319986,185.99505426317057,186.0523604947049,184.3064065746201,177.30405722703142,0.0
