0.0,4226.28124406716,5125.211945805777,4485.228964371607,4817.730931799072,5565.857206722999,4616.381822183081,4796.664572908307,4736.773226294925,4572.083270742185
4226.28124406716,0.0,4654.37817790575,4169.231117591835,4589.150200224281,5145.132849369958,4218.655067072474,4478.444701941455,4270.960516130926,4271.238500706813
5125.211945805777,4654.37817790575,0.0,5033.626303325727,5396.135091133696,6003.735715021677,5089.476616582677,5303.734198542652,5123.189487342159,5160.160836291911
4485.228964371607,4169.231117591835,5033.626303325727,0.0,4914.994986146423,5496.153340603615,4562.780359742661,4800.087729026245,4558.088667568931,4545.822554840213
4817.730931799072,4589.150200224281,5396.135091133696,4914.994986146423,0.0,5866.9954927225135,5000.85145173946,5141.199579384776,4925.300722925784,4921.012873090675
5565.857206722999,5145.132849369958,6003.735715021677,5496.153340603615,5866.9954927225135,0.0,5624.452256249478,5691.475727116678,5575.03227264552,5617.257337079968
4616.381822183081,4218.655067072474,5089.476616582677,4562.780359742661,5000.85145173946,5624.452256249478,0.0,4882.303682287479,4766.749460643623,4654.125172570524
4796.664572908307,4478.444701941455,5303.734198542652,4800.087729026245,5141.199579384776,5691.475727116678,4882.303682287479,0.0,4941.907865042269,4849.601714251074
4736.773226294925,4270.960516130926,5123.189487342159,4558.088667568931,4925.300722925784,5575.03227264552,4766.749460643623,4941.907865042269,0.0,4664.712240236496
4572.083270742185,4271.238500706813,5160.160836291911,4545.822554840213,4921.012873090675,5617.257337079968,4654.125172570524,4849.601714251074,4664.712240236496,0.0
