0.0,4862.345894715484,5777.27223263403,4988.506796004834,5443.366041822965,6407.003698711617,5188.771669547337,5500.506532828783,5255.5417430322705,5156.5988011432055
4862.345894715484,0.0,5368.595154585432,4809.770368050324,5259.95511085261,6080.386931848009,4842.497272812225,5265.660018959917,4846.724746542887,4970.435476054501
5777.27223263403,5368.595154585432,0.0,5615.380311121592,6075.57668119468,6909.05100842371,5705.747398020543,6026.330803447166,5708.466691554198,5810.359599830828
4988.506796004834,4809.770368050324,5615.380311121592,0.0,5464.167010121664,6295.910265987141,5081.195839595568,5465.437922348574,5057.152393744716,5103.235697106661
5443.366041822965,5259.95511085261,6075.57668119468,5464.167010121664,0.0,6741.353299223345,5635.067634775082,5869.69566396478,5476.4050547301385,5549.134836818602
6407.003698711617,6080.386931848009,6909.05100842371,6295.910265987141,6741.353299223345,0.0,6456.013667603847,6625.323659333535,6366.898721598829,6508.289091680245
5188.771669547337,4842.497272812225,5705.747398020543,5081.195839595568,5635.067634775082,6456.013667603847,0.0,5585.139525578307,5252.290443304417,5237.0895860568535
5500.506532828783,5265.660018959917,6026.330803447166,5465.437922348574,5869.69566396478,6625.323659333535,5585.139525578307,0.0,5606.0592411097105,5604.36024202283
5255.5417430322705,4846.724746542887,5708.466691554198,5057.152393744716,5476.4050547301385,6366.898721598829,5252.290443304417,5606.0592411097105,0.0,5218.554920198121
5156.5988011432055,4970.435476054501,5810.359599830828,5103.235697106661,5549.134836818602,6508.289091680245,5237.0895860568535,5604.36024202283,5218.554920198121,0.0
