0.0,207.52254481225827,200.24155188223813,189.67304811952636,184.54687411736813,167.46035433516954,171.6593943858461,194.54696779730148,164.94664479070343,211.9303240383233
207.52254481225827,0.0,102.65752271231031,145.5183037671959,123.23139525504666,89.69635056427796,123.90877580700908,97.99400093204167,129.0990652361652,150.74178425001446
200.24155188223813,102.65752271231031,0.0,119.86955465115898,134.3022450719359,113.174494194295,132.49880179637773,108.01917785336263,126.11760500353648,144.80300363956485
189.67304811952636,145.5183037671959,119.86955465115898,0.0,169.89473925392667,145.54379799253365,174.54180526605342,153.96195005711343,149.88911976438249,163.42164815677097
184.54687411736813,123.23139525504666,134.3022450719359,169.89473925392667,0.0,95.50648245985303,124.48093508250804,104.71188525261823,109.49771553226901,135.5587044734566
167.46035433516954,89.69635056427796,113.174494194295,145.54379799253365,95.50648245985303,0.0,113.68583217585012,88.49058334619622,83.72460305353388,140.888742164243
171.6593943858461,123.90877580700908,132.49880179637773,174.54180526605342,124.48093508250804,113.68583217585012,0.0,121.98546841379721,126.74804937059548,151.6076220734103
194.54696779730148,97.99400093204167,108.01917785336263,153.96195005711343,104.71188525261823,88.49058334619622,121.98546841379721,0.0,124.82107152091339,128.6424841642438
164.94664479070343,129.0990652361652,126.11760500353648,149.88911976438249,109.49771553226901,83.72460305353388,126.74804937059548,124.82107152091339,0.0,148.85800212449976
211.9303240383233,150.74178425001446,144.80300363956485,163.42164815677097,135.5587044734566,140.888742164243,151.6076220734103,128.6424841642438,148.85800212449976,0.0
