0.0,2193.8352521119314,2589.76371854883,2518.042805283587,2472.7603262165935,2748.7965102047337,2354.752929009514,2325.277107658228,2588.6467349592544,2473.2781644527104
2193.8352521119314,0.0,2428.256991863493,2426.6132288691138,2313.672871019884,2586.977146172189,2167.7120396335777,2203.964779216394,2408.673195860312,2386.0589353430705
2589.76371854883,2428.256991863493,0.0,2737.234278771209,2734.5340494291877,2921.7565523689245,2576.3881546950265,2617.716571196307,2777.4944239812257,2757.618096799734
2518.042805283587,2426.6132288691138,2737.234278771209,0.0,2710.119658552069,2937.740380314318,2549.4200974113523,2638.350294910147,2786.305951656208,2726.414215905759
2472.7603262165935,2313.672871019884,2734.5340494291877,2710.119658552069,0.0,2878.670254178397,2474.8808087567686,2544.760939589932,2655.8934993491,2646.3911557515316
2748.7965102047337,2586.977146172189,2921.7565523689245,2937.740380314318,2878.670254178397,0.0,2721.4894726717544,2733.2755046344714,2947.1335367172737,2920.4775341354507
2354.752929009514,2167.7120396335777,2576.3881546950265,2549.4200974113523,2474.8808087567686,2721.4894726717544,0.0,2388.022626930981,2580.9748433123314,2524.1870336612224
2325.277107658228,2203.964779216394,2617.716571196307,2638.350294910147,2544.760939589932,2733.2755046344714,2388.022626930981,0.0,2630.9411441859957,2523.314267349603
2588.6467349592544,2408.673195860312,2777.4944239812257,2786.305951656208,2655.8934993491,2947.1335367172737,2580.9748433123314,2630.9411441859957,0.0,2780.789907242803
2473.2781644527104,2386.0589353430705,2757.618096799734,2726.414215905759,2646.3911557515316,2920.4775341354507,2524.1870336612224,2523.314267349603,2780.789907242803,0.0
