0.0,175.88027304830092,180.50397536153707,175.65782120406067,181.5434691733371,180.20727776875606,174.08046724497257,185.2572002240849,178.8100924646842,183.03290697194387
175.88027304830092,0.0,167.2533811132538,158.15571144119463,162.3856252956316,168.8370973602702,166.18706077035222,167.71671672621045,160.6959255203103,166.4761918643228
180.50397536153707,167.2533811132538,0.0,170.32957915788344,174.01352145015363,184.03133637276477,173.56574259028577,186.1188396613362,176.94654242875754,181.21719947390937
175.65782120406067,158.15571144119463,170.32957915788344,0.0,170.8195450947103,172.962682195375,174.3866455244073,177.46550913260228,165.16611393514768,168.66613405618654
181.5434691733371,162.3856252956316,174.01352145015363,170.8195450947103,0.0,175.32861573770128,170.67099081167063,174.19420213242074,171.33869377293308,160.62437616736753
180.20727776875606,168.8370973602702,184.03133637276477,172.962682195375,175.32861573770128,0.0,179.57942047003598,184.85030931157098,177.62374618906648,174.1893772821644
174.08046724497257,166.18706077035222,173.56574259028577,174.3866455244073,170.67099081167063,179.57942047003598,0.0,183.59891490833365,172.08037010654903,174.41028603689134
185.2572002240849,167.71671672621045,186.1188396613362,177.46550913260228,174.19420213242074,184.85030931157098,183.59891490833365,0.0,180.87316041319332,173.36999329650212
178.8100924646842,160.6959255203103,176.94654242875754,165.16611393514768,171.33869377293308,177.62374618906648,172.08037010654903,180.87316041319332,0.0,166.66136735125565
183.03290697194387,166.4761918643228,181.21719947390937,168.66613405618654,160.62437616736753,174.1893772821644,174.41028603689134,173.36999329650212,166.66136735125565,0.0
