0.0,3125.898017329693,3826.188515091811,3584.2468638139508,3552.654576696549,4141.970559590766,3445.159116212634,3431.0230090916507,3578.92091779204,3481.414188843894
3125.898017329693,0.0,3530.1103569301085,3375.5701522238846,3282.388172769352,3823.3651503510673,3071.15282552395,3232.3145713641957,3225.3557396383007,3228.6858955718485
3826.188515091811,3530.1103569301085,0.0,3975.0767953875816,3999.730856187639,4469.571797499864,3781.3156125115156,3978.1976075925527,3907.683870018863,3887.3376363748994
3584.2468638139508,3375.5701522238846,3975.0767953875816,0.0,3829.9266351275783,4309.9590907608745,3617.3177104067663,3819.140728429128,3762.2673745215666,3750.3494443534937
3552.654576696549,3282.388172769352,3999.730856187639,3829.9266351275783,0.0,4320.393285555354,3593.498401976037,3738.499811468444,3700.927321525051,3715.876078183447
4141.970559590766,3823.3651503510673,4469.571797499864,4309.9590907608745,4320.393285555354,0.0,4093.8569020419072,4190.816452527366,4209.049533439715,4260.953355146219
3445.159116212634,3071.15282552395,3781.3156125115156,3617.3177104067663,3593.498401976037,4093.8569020419072,0.0,3535.865880907334,3554.468382368501,3496.883515368665
3431.0230090916507,3232.3145713641957,3978.1976075925527,3819.140728429128,3738.499811468444,4190.816452527366,3535.865880907334,0.0,3731.6997861423997,3605.0927632061353
3578.92091779204,3225.3557396383007,3907.683870018863,3762.2673745215666,3700.927321525051,4209.049533439715,3554.468382368501,3731.6997861423997,0.0,3660.738052237139
3481.414188843894,3228.6858955718485,3887.3376363748994,3750.3494443534937,3715.876078183447,4260.953355146219,3496.883515368665,3605.0927632061353,3660.738052237139,0.0
