0.0,4907.7635499738435,5820.415327382452,5022.809292997834,5484.2484969690195,6449.267350990859,5243.639727165342,5548.9433724591845,5291.304056709007,5188.686116874933
4907.7635499738435,0.0,5434.376511022845,4859.209053959601,5313.353300122704,6140.79719420795,4914.551160923638,5322.656546196133,4895.281733614523,5014.638750413769
5820.415327382452,5434.376511022845,0.0,5665.752142564,6137.959995749696,6968.2269856399635,5763.535560236751,6100.960432809043,5768.483273154539,5862.92640984579
5022.809292997834,4859.209053959601,5665.752142564,0.0,5512.56044349152,6335.92062874388,5133.27425033305,5514.092047335096,5091.2060546112025,5136.378891273004
5484.2484969690195,5313.353300122704,6137.959995749696,5512.56044349152,0.0,6799.281294354485,5717.3561955546575,5944.1823480633675,5528.381642691118,5604.707157572241
6449.267350990859,6140.79719420795,6968.2269856399635,6335.92062874388,6799.281294354485,0.0,6520.820760501865,6679.350282837078,6407.423989363048,6552.737161272327
5243.639727165342,4914.551160923638,5763.535560236751,5133.27425033305,5717.3561955546575,6520.820760501865,0.0,5651.711895950679,5306.000933820667,5290.210154291517
5548.9433724591845,5322.656546196133,6100.960432809043,5514.092047335096,5944.1823480633675,6679.350282837078,5651.711895950679,0.0,5653.778197823562,5657.083703579731
5291.304056709007,4895.281733614523,5768.483273154539,5091.2060546112025,5528.381642691118,6407.423989363048,5306.000933820667,5653.778197823562,0.0,5253.697627418256
5188.686116874933,5014.638750413769,5862.92640984579,5136.378891273004,5604.707157572241,6552.737161272327,5290.210154291517,5657.083703579731,5253.697627418256,0.0
