0.0,4375.183185620595,5248.311147237762,4608.598954477935,4935.474191976133,5736.665404760684,4779.608375301237,4982.819688012474,4858.57723072632,4713.128846272209
4375.183185620595,0.0,4799.489411551143,4322.393286260518,4718.4425832814395,5336.641044299254,4406.938904844008,4699.140879906203,4400.717717819642,4445.013309993568
5248.311147237762,4799.489411551143,0.0,5154.242010289648,5515.548778738129,6181.81389388324,5247.930153701253,5487.563082392361,5234.586414665533,5309.996852159157
4608.598954477935,4322.393286260518,5154.242010289648,0.0,5024.859369108159,5667.536156357353,4728.954938860952,4986.32585228778,4675.020168115758,4678.521179985248
4935.474191976133,4718.4425832814395,5515.548778738129,5024.859369108159,0.0,6043.616669646436,5171.642395836629,5313.264266885982,5028.762243215075,5051.979065502726
5736.665404760684,5336.641044299254,6181.81389388324,5667.536156357353,6043.616669646436,0.0,5842.234468352694,5918.799811212142,5753.319604665121,5830.255563496038
4779.608375301237,4406.938904844008,5247.930153701253,4728.954938860952,5171.642395836629,5842.234468352694,0.0,5123.817650028302,4918.236715404621,4817.703636063786
4982.819688012474,4699.140879906203,5487.563082392361,4986.32585228778,5313.264266885982,5918.799811212142,5123.817650028302,0.0,5137.354174919608,5077.606658817672
4858.57723072632,4400.717717819642,5234.586414665533,4675.020168115758,5028.762243215075,5753.319604665121,4918.236715404621,5137.354174919608,0.0,4806.091432472652
4713.128846272209,4445.013309993568,5309.996852159157,4678.521179985248,5051.979065502726,5830.255563496038,4817.703636063786,5077.606658817672,4806.091432472652,0.0
