0.0,4705.918508980467,5621.833832150813,4869.852042586343,5279.5036021018395,6257.307523651346,5047.723529452588,5301.912674371844,5118.854540100077,5014.417760275855
4705.918508980467,0.0,5175.906273896491,4633.809042368177,5072.21053888709,5895.2891673676395,4666.508660531334,5046.520241400732,4681.884299323114,4788.169422244973
5621.833832150813,5175.906273896491,0.0,5460.887987002512,5893.961854574694,6732.602744337296,5535.9593377884885,5820.625509355781,5540.004399389636,5633.424782831905
4869.852042586343,4633.809042368177,5460.887987002512,0.0,5319.145379034764,6145.912713667292,4928.8425574127905,5266.2688089323265,4911.9984315916645,4962.05829134332
5279.5036021018395,5072.21053888709,5893.961854574694,5319.145379034764,0.0,6553.866082258103,5458.683848829711,5678.420063410125,5307.543114724662,5391.713098419363
6257.307523651346,5895.2891673676395,6732.602744337296,6145.912713667292,6553.866082258103,0.0,6295.5246193766525,6413.757141830853,6206.559727261427,6339.021762899131
5047.723529452588,4666.508660531334,5535.9593377884885,4928.8425574127905,5458.683848829711,6295.5246193766525,0.0,5389.7088907720445,5108.174164639493,5078.345662187701
5301.912674371844,5046.520241400732,5820.625509355781,5266.2688089323265,5678.420063410125,6413.757141830853,5389.7088907720445,0.0,5409.183587361492,5396.193010785033
5118.854540100077,4681.884299323114,5540.004399389636,4911.9984315916645,5307.543114724662,6206.559727261427,5108.174164639493,5409.183587361492,0.0,5066.341782652305
5014.417760275855,4788.169422244973,5633.424782831905,4962.05829134332,5391.713098419363,6339.021762899131,5078.345662187701,5396.193010785033,5066.341782652305,0.0
