0.0,191.91866924716885,197.26456243062535,192.4655034015222,198.60409584533545,198.02318240499426,189.14187449949077,202.5516706656112,194.17072445894098,200.75237683875804
191.91866924716885,0.0,183.08415412523266,174.07977141612014,178.2498025340169,185.42498198961755,182.24787276058896,183.68958849890646,175.77780272098835,183.00062791968614
197.26456243062535,183.08415412523266,0.0,187.4932292273428,190.24405312708427,201.62000628611787,189.07304153390203,203.9202218539337,193.08327943302174,199.389470983661
192.4655034015222,174.07977141612014,187.4932292273428,0.0,188.06693752391567,190.36523701441752,191.76160608507894,194.30606578671552,181.010894798643,185.40989832717946
198.60409584533545,178.2498025340169,190.24405312708427,188.06693752391567,0.0,192.55242915265273,185.917871507291,189.75010259208483,186.63365821835305,175.15637508707357
198.02318240499426,185.42498198961755,201.62000628611787,190.36523701441752,192.55242915265273,0.0,197.13540235772894,202.9968838681949,194.0471610359915,191.52614591826455
189.14187449949077,182.24787276058896,189.07304153390203,191.76160608507894,185.917871507291,197.13540235772894,0.0,201.41112545805925,187.60361605584626,191.54556864844534
202.5516706656112,183.68958849890646,203.9202218539337,194.30606578671552,189.75010259208483,202.9968838681949,201.41112545805925,0.0,197.5264692815124,189.43835547352876
194.17072445894098,175.77780272098835,193.08327943302174,181.010894798643,186.63365821835305,194.0471610359915,187.60361605584626,197.5264692815124,0.0,182.3937922126804
200.75237683875804,183.00062791968614,199.389470983661,185.40989832717946,175.15637508707357,191.52614591826455,191.54556864844534,189.43835547352876,182.3937922126804,0.0
