0.0,3309.842587224811,4121.596131090752,3778.444151627326,3801.4818603995254,4451.645457277651,3690.1079469166525,3693.8011088484054,3780.4418060266803,3666.6713206480717
3309.842587224811,0.0,3774.904163212375,3527.4630340338367,3510.901661717113,4122.480021139929,3280.1666976908364,3440.7022523002565,3382.532572682931,3367.151579997108
4121.596131090752,3774.904163212375,0.0,4198.992243659936,4293.809170782739,4830.513553007167,4071.294730667939,4260.601593367368,4156.459356798028,4125.565907022637
3778.444151627326,3527.4630340338367,4198.992243659936,0.0,4033.949355815602,4582.520793618337,3825.8378749548383,4015.059244018153,3910.5199254741233,3878.0265768635054
3801.4818603995254,3510.901661717113,4293.809170782739,4033.949355815602,0.0,4655.86260223623,3879.031891067741,4005.287376674477,3938.8292166909605,3917.0822111826324
4451.645457277651,4122.480021139929,4830.513553007167,4582.520793618337,4655.86260223623,0.0,4376.543665996864,4531.002316183873,4470.242091275222,4528.9007457903845
3690.1079469166525,3280.1666976908364,4071.294730667939,3825.8378749548383,3879.031891067741,4376.543665996864,0.0,3800.84897990006,3746.3839286510133,3697.9031592006413
3693.8011088484054,3440.7022523002565,4260.601593367368,4015.059244018153,4005.287376674477,4531.002316183873,3800.84897990006,0.0,3931.9228981251713,3792.79188306729
3780.4418060266803,3382.532572682931,4156.459356798028,3910.5199254741233,3938.8292166909605,4470.242091275222,3746.3839286510133,3931.9228981251713,0.0,3797.0573658996536
3666.6713206480717,3367.151579997108,4125.565907022637,3878.0265768635054,3917.0822111826324,4528.9007457903845,3697.9031592006413,3792.79188306729,3797.0573658996536,0.0
