0.0,2806.9770809275815,3375.8223230166864,3253.19556565102,3176.6612352127795,3645.0265743813015,3079.2645412434244,3009.5781183083027,3232.0172351595315,3168.137037624702
2806.9770809275815,0.0,3126.5599354782657,3084.4037889237397,2940.70731724606,3375.1497634710627,2753.909690480343,2874.3435922426875,2932.471327342877,2984.0839107894803
3375.8223230166864,3126.5599354782657,0.0,3566.988430661318,3520.512884126444,3891.288580444828,3356.1438995383787,3463.1338570868184,3477.2844138884097,3544.1962583672102
3253.19556565102,3084.4037889237397,3566.988430661318,0.0,3467.9761093138163,3826.8152289942936,3270.6087918823787,3410.7652970585013,3432.577974752484,3473.940273898651
3176.6612352127795,2940.70731724606,3520.512884126444,3467.9761093138163,0.0,3792.2908517231376,3208.841784763528,3287.416330372315,3312.4524528509864,3357.459494007056
3645.0265743813015,3375.1497634710627,3891.288580444828,3826.8152289942936,3792.2908517231376,0.0,3612.041044520526,3650.088835341381,3740.259988742054,3818.5794187234515
3079.2645412434244,2753.909690480343,3356.1438995383787,3270.6087918823787,3208.841784763528,3612.041044520526,0.0,3131.216225453124,3221.1994874120946,3208.8733283472425
3009.5781183083027,2874.3435922426875,3463.1338570868184,3410.7652970585013,3287.416330372315,3650.088835341381,3131.216225453124,0.0,3316.5359591557203,3247.886432956695
3232.0172351595315,2932.471327342877,3477.2844138884097,3432.577974752484,3312.4524528509864,3740.259988742054,3221.1994874120946,3316.5359591557203,0.0,3406.1928869564604
3168.137037624702,2984.0839107894803,3544.1962583672102,3473.940273898651,3357.459494007056,3818.5794187234515,3208.8733283472425,3247.886432956695,3406.1928869564604,0.0
