0.0,4805.8503710362775,5739.4118706430345,4953.130080416583,5381.551315355132,6366.723821127391,5154.128245623241,5455.511118308769,5215.810446705253,5113.800148500691
4805.8503710362775,0.0,5306.25069450228,4748.620967201696,5184.828343656649,6021.622832232103,4783.8271625050875,5210.421293819364,4785.747321473751,4906.150503530726
5739.4118706430345,5306.25069450228,0.0,5578.463024188623,6023.041984454965,6866.829204825718,5667.980519908923,5982.886455442847,5670.395406428639,5774.043205355713
4953.130080416583,4748.620967201696,5578.463024188623,0.0,5422.344001888052,6257.932922012611,5046.492380910706,5423.290385164876,5016.085627847568,5068.744987213896
5381.551315355132,5184.828343656649,6023.041984454965,5422.344001888052,0.0,6682.654527739752,5584.946626858546,5822.79468568448,5415.384654336256,5502.37915300863
6366.723821127391,6021.622832232103,6866.829204825718,6257.932922012611,6682.654527739752,0.0,6416.689536170716,6579.671288877869,6323.634946561192,6458.581502405715
5154.128245623241,4783.8271625050875,5667.980519908923,5046.492380910706,5584.946626858546,6416.689536170716,0.0,5546.281983507824,5216.33405814751,5196.534383807259
5455.511118308769,5210.421293819364,5982.886455442847,5423.290385164876,5822.79468568448,6579.671288877869,5546.281983507824,0.0,5560.923188062667,5549.779711523526
5215.810446705253,4785.747321473751,5670.395406428639,5016.085627847568,5415.384654336256,6323.634946561192,5216.33405814751,5560.923188062667,0.0,5175.3847032957165
5113.800148500691,4906.150503530726,5774.043205355713,5068.744987213896,5502.37915300863,6458.581502405715,5196.534383807259,5549.779711523526,5175.3847032957165,0.0
