0.0,1198.2844312565514,986.5490622936995,1297.9579017376532,1081.0057031624397,985.650914176164,836.8573713028052,1212.4503250780472,1212.9453157116159,884.3004871343322
1198.2844312565514,0.0,929.4616031764265,1295.2490467398038,1070.2021985560327,1052.431629065406,885.7824585819203,1179.9877980918152,1022.0485904081524,880.2988403482574
986.5490622936995,929.4616031764265,0.0,1215.147759681945,798.6754596788018,866.3433406153348,616.798220897937,1087.5911113316643,888.2002696240787,704.6939590569754
1297.9579017376532,1295.2490467398038,1215.147759681945,0.0,1198.743667271371,1148.368930599207,1216.6082385255302,1361.0308471130563,1121.5229449925969,1154.4431193016555
1081.0057031624397,1070.2021985560327,798.6754596788018,1198.743667271371,0.0,802.1364707846255,674.5063628829347,1073.9202041607186,962.8348103342515,658.3592951874152
985.650914176164,1052.431629065406,866.3433406153348,1148.368930599207,802.1364707846255,0.0,785.7848078545599,1090.9797985505622,1010.1180421050076,751.1456749066582
836.8573713028052,885.7824585819203,616.798220897937,1216.6082385255302,674.5063628829347,785.7848078545599,0.0,1052.9796190354152,909.4667782066078,505.55995631976594
1212.4503250780472,1179.9877980918152,1087.5911113316643,1361.0308471130563,1073.9202041607186,1090.9797985505622,1052.9796190354152,0.0,1204.1463037252565,911.3485045289669
1212.9453157116159,1022.0485904081524,888.2002696240787,1121.5229449925969,962.8348103342515,1010.1180421050076,909.4667782066078,1204.1463037252565,0.0,895.5482774312559
884.3004871343322,880.2988403482574,704.6939590569754,1154.4431193016555,658.3592951874152,751.1456749066582,505.55995631976594,911.3485045289669,895.5482774312559,0.0
