0.0,193.5814561702,198.95078271349382,194.18504721472635,200.37198799413198,199.78806530999543,190.66270272834356,204.30823082317164,195.7228792344962,202.5635094104589
193.5814561702,0.0,184.70120702367126,175.67625506644504,179.8818860339395,187.07869927534256,183.87136023712128,185.32421686213036,177.32108442914694,184.67385364535536
198.95078271349382,184.70120702367126,0.0,189.2275548362048,191.89090619344586,203.3448172250732,190.65752497030934,205.72057254288683,194.71026292186014,201.22833314363209
194.18504721472635,175.67625506644504,189.2275548362048,0.0,189.82117018848749,192.0676195443241,193.51414886150644,196.0121832839634,182.57702365340378,187.1070320761342
200.37198799413198,179.8818860339395,191.89090619344586,189.82117018848749,0.0,194.2883834305693,187.47770777286274,191.34856974185948,188.20836691139925,176.62050692303018
199.78806530999543,187.07869927534256,203.3448172250732,192.0676195443241,194.2883834305693,0.0,198.88157512280668,204.81553488391074,195.67218074748047,193.26977337155972
190.66270272834356,183.87136023712128,190.65752497030934,193.51414886150644,187.47770777286274,198.88157512280668,0.0,203.204174242278,189.16140193241552,193.27365501159008
204.30823082317164,185.32421686213036,205.72057254288683,196.0121832839634,191.34856974185948,204.81553488391074,203.204174242278,0.0,199.1789059058989,191.04741703779274
195.7228792344962,177.32108442914694,194.71026292186014,182.57702365340378,188.20836691139925,195.67218074748047,189.16140193241552,199.1789059058989,0.0,184.00696147275983
202.5635094104589,184.67385364535536,201.22833314363209,187.1070320761342,176.62050692303018,193.26977337155972,193.27365501159008,191.04741703779274,184.00696147275983,0.0
