0.0,3833.401432258371,4805.90810373604,4219.450462628583,4453.443361736114,5108.169220999861,4300.991417596355,4401.009726130504,4274.307356445894,4193.272029708043
3833.401432258371,0.0,4342.529914729122,3869.8222815105582,4139.982090689306,4692.620844406943,3845.2043925310677,4072.725563084205,3821.73248508269,3873.3801759840317
4805.90810373604,4342.529914729122,0.0,4816.22130609231,5053.079443386754,5580.066047102506,4798.728792490629,4954.900718682017,4737.996686264917,4830.993475359699
4219.450462628583,3869.8222815105582,4816.22130609231,0.0,4616.129632804361,5132.571084408328,4313.162555741278,4519.904244336467,4228.028585322197,4284.706294550238
4453.443361736114,4139.982090689306,5053.079443386754,4616.129632804361,0.0,5407.816840494156,4630.988145020006,4717.3930754907215,4461.3718753506,4525.860657990086
5108.169220999861,4692.620844406943,5580.066047102506,5132.571084408328,5407.816840494156,0.0,5194.855939954748,5250.5611676384015,5067.215236019166,5160.419938803913
4300.991417596355,3845.2043925310677,4798.728792490629,4313.162555741278,4630.988145020006,5194.855939954748,0.0,4548.93100803641,4374.625375811934,4347.577026304844
4401.009726130504,4072.725563084205,4954.900718682017,4519.904244336467,4717.3930754907215,5250.5611676384015,4548.93100803641,0.0,4490.015193904579,4492.392856047421
4274.307356445894,3821.73248508269,4737.996686264917,4228.028585322197,4461.3718753506,5067.215236019166,4374.625375811934,4490.015193904579,0.0,4230.6760889196885
4193.272029708043,3873.3801759840317,4830.993475359699,4284.706294550238,4525.860657990086,5160.419938803913,4347.577026304844,4492.392856047421,4230.6760889196885,0.0
