0.0,4517.5156560332,5360.24771354783,4707.009233603585,5065.13128745245,5987.785002321049,4864.7814843460565,5099.915523863856,4957.881794347712,4809.753212762145
4517.5156560332,0.0,4945.134616470767,4465.5711029007925,4889.786395855041,5645.920627443596,4523.131751754299,4856.041694889863,4543.867995252027,4600.978394111885
5360.24771354783,4945.134616470767,0.0,5261.090376599944,5650.943195988315,6447.134393496391,5346.01870321499,5614.688154206395,5341.855914672678,5425.763350075784
4707.009233603585,4465.5711029007925,5261.090376599944,0.0,5150.684559741956,5921.192678031957,4798.662914992276,5102.216643037073,4775.694745608485,4786.1222182609745
5065.13128745245,4889.786395855041,5650.943195988315,5150.684559741956,0.0,6281.148440034207,5291.573366750638,5474.423477932445,5144.299558356412,5195.715155327776
5987.785002321049,5645.920627443596,6447.134393496391,5921.192678031957,6281.148440034207,0.0,6066.349939201303,6167.169204922866,5990.2597186873245,6082.15354318449
4864.7814843460565,4523.131751754299,5346.01870321499,4798.662914992276,5291.573366750638,6066.349939201303,0.0,5232.200826416749,4988.243662174944,4918.592325494188
5099.915523863856,4856.041694889863,5614.688154206395,5102.216643037073,5474.423477932445,6167.169204922866,5232.200826416749,0.0,5250.160728198828,5206.57636016455
4957.881794347712,4543.867995252027,5341.855914672678,4775.694745608485,5144.299558356412,5990.2597186873245,4988.243662174944,5250.160728198828,0.0,4902.358767903863
4809.753212762145,4600.978394111885,5425.763350075784,4786.1222182609745,5195.715155327776,6082.15354318449,4918.592325494188,5206.57636016455,4902.358767903863,0.0
