0.0,23.641173929749307,19.8064794144636,13.01045358871401,17.65876196269139,42.7338260204033,9.473691360789044,20.103166186484845,13.019806701605866,7.020702376026109,21.218546772553136,17.00811835156747,7.238078773307773,12.497237849516335,11.755820440056368,18.476006840541523,3.3758424257885062,18.0708768466515,38.59149768255228,24.33932539816243,150.17126304227787,207.6743394400756,113.14870568263919,151.82634938209242,141.09659860949571,139.20116721171217,169.01911657231025,111.97416147061661,136.16205989984877,167.6539050502807,28.81651650164584,11.16705869817009,17.3766698139431,30.5343869270075,17.42849188844965,2.474695619784294,14.305066087963567,18.066431689066835,56.74611673190128,19.412555740814685,44.688998569426786,61.98921922090991,40.348127316456186,58.45764781517031,38.50163386997425,41.54274506176207,30.014509244627842,22.36789108323371,50.498238982697444,41.87170295257736,225.04592970804836,122.87231449569956,119.69452029563405,101.6683466132275,107.85234988171828,74.35502124884181,145.23844348910703,145.34960793164444,83.2505844188371,114.39969027500007,134.55610718643624,124.13415160069812,181.1301698153055,134.59208004206573,183.54053734348875,126.13007389477374,140.14184520300668,190.04068632979653,198.55886101633985,103.67363308814811,149.43173957733615,78.70639437718985,109.3496250075638,114.26357874297153,124.81352994205324,71.46624605236781,147.01643790697497,95.952913626897,95.14707210854885,88.13990458045673,6.7398948596328045,20.095130166961756,30.44015386014312,27.960284128977072,19.508197507945635,5.701064778398542,28.3849057889627,27.83619866725775,25.54673053816247,16.24908820006625,80.85352956813922,80.72114420059211,75.45839805670826,80.41321665641513,61.907333416597666,82.28695806994993,77.36067344929201,68.39736861430211,65.04190432223712,47.51728247684902
23.641173929749307,0.0,11.85216984802496,28.19262625907225,10.745877184193388,55.46939496817704,31.90290542666845,38.819527786911266,13.624973841410716,18.671062711910363,43.356592737343,36.56993310409371,29.223423563800853,35.69281572733411,35.19503971794659,34.922107718842014,26.31379965602273,18.556383613456504,27.735298262886378,46.88580910897585,146.69950031340042,201.89068741378986,110.86202640368882,152.74954239221844,142.27848593435397,140.02835824817316,162.79754929125713,111.78041731965186,137.20073396226846,167.65517559784476,7.183480965393929,21.023971245101816,20.3071422639905,16.879370077680534,10.720142552937672,21.30911055924704,25.461218876942343,26.64157366963153,33.25062330887602,40.04390834767383,59.20348532188224,70.5227674110693,56.97148754570031,78.51126804151018,61.54547966841764,56.80940046491409,50.663104159109714,44.392829261140555,67.41341965029604,56.26063025745406,202.00802685564457,99.5659268611766,96.61393197465,78.0338201510738,84.37081026048986,50.772659674914905,123.93641276221605,122.24167859478578,59.69969771862914,91.30185417198203,156.18698383557157,146.60685214154975,201.6268548387177,156.16915415070844,202.84671640825135,148.03505859244302,161.40535286077358,210.5103296686005,220.3240970002367,123.51217412727723,162.41853074317254,93.52109925978567,125.58983778016025,131.92859437660903,136.2611699068837,90.77606666548894,164.12371781601806,114.21891486837681,112.3379266722131,107.0478220917615,30.09264027758714,3.55266733813854,41.643964513205766,26.41998053528051,7.266312027692178,21.861690213823405,22.960121335156835,10.29716922106107,1.9602253921062205,17.97924593756771,97.1498127955095,99.84421555625194,89.78871095197307,95.036433427364,75.76071474044679,93.95891062116813,92.15131019535745,82.16279083644429,80.37333979146152,66.84943230937114
19.8064794144636,11.85216984802496,0.0,18.800155608025857,2.6584815310533956,43.864108352291595,25.364681473462255,29.394203624879623,17.02785483348006,18.441298002254914,35.56618133098598,36.1115352872527,22.793411122587486,32.16025432384452,31.237058354229017,36.1419350911706,21.193247866565322,7.00597952738409,20.204154234915652,39.28994183954249,137.43619227710113,193.5637587201948,101.09347530693397,142.24576696469157,131.68872651909723,129.51711582975386,154.56844370012337,101.42891059882392,126.63147995825278,157.41343818807252,19.001164030078012,12.036781992183293,8.959791383127456,10.820310934858064,2.9116061093480687,18.26293383886186,28.157258883604083,30.69158454350593,42.05781698879638,31.454180711928345,62.204811955644765,76.51978971309528,58.7686158981519,78.13290508629818,57.937131720632706,59.36698768504412,49.68349185716737,42.17406305486905,69.16418764966323,59.27482035536823,210.82191815497006,108.13063888276952,105.61337319508968,85.35141665010896,92.54606795743437,57.35468405693828,134.44452736418137,131.09834091343774,67.8077712476415,100.29981361157877,146.6092350907412,137.76352297743557,191.30519529982016,146.55409059795622,192.03545403787126,138.6825785274848,151.57336082262773,200.16425360044073,210.7281055615769,113.07347480504504,166.82384849216103,96.69674658468236,128.04555893653685,133.46151907353385,141.38023249166656,91.02023511236519,166.0848866503902,115.2939660337735,114.14809750954292,107.63541725368384,24.75068065156591,10.534980628005709,30.079560293558895,34.53195485395463,4.814039181298798,15.490585467713052,12.27990795604348,21.808462388341706,12.630711445645884,23.20905755846939,99.4751394406733,100.25321281495462,93.20953256629673,98.32771983827931,79.3237032268985,98.77190619382792,95.33245732699524,85.83010447513973,83.16954214655001,66.98467361632243
13.01045358871401,28.19262625907225,18.800155608025857,0.0,18.204018725873304,30.258607238556188,9.909275762993795,10.700914647321495,23.02286033533955,18.634228673092593,17.17185952829909,27.903136392075442,8.671264898442795,19.92695166445233,18.53675198726973,30.601723169102506,10.82366572147126,12.896952311160998,31.981545109199995,20.925628415514137,137.94729777611076,195.81810367044085,100.83714326851434,138.96980196392536,128.2305884046073,126.37025315219101,157.3635017752644,99.32610590241791,123.31578006465426,154.86881514745355,34.94348271208166,7.17830077544888,11.01520789620409,27.195766761271596,18.11396160351029,14.224720658109181,27.302127899373282,31.04027369854438,60.607612340128554,12.719134784130288,56.05922125547898,74.50193472904803,51.012734893135594,66.18341001425033,42.75941549602606,52.741517966439275,38.600254052924605,30.144631547970242,60.642746602732444,53.37652733556566,229.50552052524793,126.8425230509946,124.21374129198226,104.14851009741963,111.31076824654305,76.12601918254705,152.1274604016647,149.75267170199615,86.56322740667379,118.8971272689511,128.14268057495448,119.0210054817933,173.43794232044112,128.10873277576474,174.83143882941687,120.10192205540046,133.26899932844555,182.32329249882932,192.28352279311898,95.3550700782187,160.16126758067645,89.24505768166188,118.8674472746312,122.90590183004258,136.18042657184793,79.50450664954347,155.78369719697076,104.3812645304434,104.27415692542915,96.2053628866704,11.825760552819407,25.197323777215935,17.47779627302724,40.26693018438203,21.53228272433376,8.646926621044889,21.2397658487851,35.73253921961657,29.690952825027424,27.97108122284816,90.66455302269671,88.73519489656489,86.24247703289464,91.00933333914266,73.094540918383,93.89098884273197,87.92859515864139,79.50321340550913,75.58268734457218,56.2290199869053
17.65876196269139,10.745877184193388,2.6584815310533956,18.204018725873304,0.0,44.730823689900156,23.87868435086199,28.900333273161863,14.391157743735151,15.862475145891914,34.51941198226211,33.688192789320546,21.24568694835229,30.11190288358646,29.253953845120055,33.58385480731444,19.31327449130674,7.886473586298062,22.85904876492187,38.20333950386917,139.94802821190063,196.15696245151935,103.54475847549814,144.53736462636317,133.9604912528119,131.80987880097314,157.17146607122882,103.76918485781773,128.9100314461471,159.7629072086895,17.911766543336533,11.125838986430281,9.567406054158308,13.28579718888878,0.25817442608631724,15.963242502034056,25.511363810923182,28.033125531058506,42.40383506356935,30.648263919162417,59.593400284957134,73.86710123584281,56.219265403461854,75.79757802774233,56.015883334379055,56.77413558614789,47.36500519588672,39.98539382987842,66.62925435290187,56.66060332569841,211.31252935986333,108.66578612566397,106.01006816519224,86.21366085401726,93.18374137245223,58.34301800403262,134.2746468789067,131.55441836548962,68.43129881100187,100.69339968542107,146.31626572011425,137.2003766722866,191.33697996883612,146.27576081553516,192.31683663298728,138.30127522040013,151.38380175307637,200.20843465773768,210.45361453342375,113.14782857914341,164.18474064316763,94.0944042975554,125.4924984845622,130.97679964604072,138.72501586917062,88.63168407410909,163.5741673692088,112.84140697447444,111.63550992855056,105.22385472337032,22.971236035449795,8.758434658336085,30.903565644880416,32.05144540659976,3.5153599186768907,13.776725748490588,14.755302947139377,20.20395744095151,11.885916939079875,20.593612733477073,96.92117232692073,97.8547110320921,90.59505611498074,95.7205073963821,76.69878470574923,96.11836699143377,92.72940394385998,83.20360725259253,80.58074893433691,64.58214013205689
42.7338260204033,55.46939496817704,43.864108352291595,30.258607238556188,44.730823689900156,0.0,35.447699627529445,23.870446232341255,53.149698264196914,48.86220614721594,29.849399262254224,53.82167097503146,36.31240553444789,44.29782217808075,42.914407638153165,57.88760126700475,39.84255354116061,36.94028009133663,43.55052005786582,30.97210800965502,116.65437022139407,175.6370205858919,79.93464073135704,113.43003724754456,102.70840157727655,101.20157616077454,138.55157553339126,76.18174568448346,98.04217917964162,129.807730002376,62.642439718533026,36.09766385425451,35.163826300730044,46.45421299113044,44.7708651707037,44.317977471203335,56.86895881113394,60.67145497916289,84.1857683937687,26.837227607683065,80.2637414571203,100.98087960986733,74.12165491426384,82.20896396581337,55.67359125412338,76.78158976070362,59.583553204287725,51.70480540419459,82.0251222565851,78.01074870583793,250.49809309541538,148.21343646628142,146.48335441340168,123.71957149301223,132.2351662008824,95.80757698016127,177.4373497763548,171.4220102365821,108.0760281875535,141.23945220869064,108.1216053567146,102.24305851615837,149.93790417895244,107.93293009810562,149.3502818074733,101.1880799308285,112.1077236141306,158.6856915336604,171.4645602538602,72.08797563925357,180.07841346595217,110.11685119922707,136.33963248874392,138.11522597697444,158.2239000308353,95.17813583681269,170.55591936414996,119.69340795398965,121.24045870375635,111.02499978844054,38.84044262701089,53.23557016344699,13.828056632934217,70.48269769162717,48.20539570547626,38.905479184379175,36.99910708529016,64.54740256462179,56.46094776921046,58.22900881001445,109.7545257622327,103.81259565836723,107.81128434800063,111.96120058620721,96.1086133817463,117.33888368122335,108.91664690978902,102.08537665654305,96.99529798887357,75.1513713958563
9.473691360789044,31.90290542666845,25.364681473462255,9.909275762993795,23.87868435086199,35.447699627529445,0.0,11.718291303522811,22.459806358784352,16.4843088425111,11.802552168957527,19.036140064564012,2.6868164844618567,10.24274943805734,8.80301176326065,22.58891103456243,6.122695105455004,21.092725001329825,41.303558506624384,15.098355398043052,146.95306698685502,205.0795151769281,109.80104755628035,146.98423782828138,136.22931950020046,134.47234970680603,166.76318114477962,107.85558434098346,131.37945990107298,163.05534843650474,37.69162653512629,13.699122145286436,19.583965760119483,35.219681557326375,23.70248522745255,11.872266529735025,21.99412647859888,25.765907566956447,65.14892923089988,10.155205116944721,46.92545444012574,66.303095858597,41.57252066430226,56.284902496814574,33.34491128780224,43.53683105352359,28.751424811251344,20.26880717348317,50.97873596297473,44.34871512510092,233.84314636614488,131.46476986137895,128.45072638389,109.70873255879631,116.25745307332248,82.04245394269697,154.55146835761815,154.09387641980592,91.55768128985889,123.14376981139647,125.20095000045748,114.99982858989233,171.66842364836023,125.22776198727288,174.0789729981438,116.82679456630734,130.73443532731997,180.57844400031456,189.24320191263774,94.20534526713872,150.536183040845,79.62339832386705,109.01032615798508,112.99684574957271,126.83289991753172,69.59977387631771,145.87498434764558,94.47227323281392,94.38633045129181,86.30386430921814,3.4776806025539377,28.45111291200528,24.747123574602426,36.68804767508468,26.559914332912623,10.20891423843346,30.560328354174818,37.11750647938314,33.705798663766124,25.520071505568655,80.86771333387928,78.83382162430468,76.70943791358798,81.4028234269895,63.771443499826916,84.7420161667926,78.3183555016358,70.12020880230429,65.9898658479046,46.343539998908135
20.103166186484845,38.819527786911266,29.394203624879623,10.700914647321495,28.900333273161863,23.870446232341255,11.718291303522811,0.0,32.253889090947645,26.90774676877284,9.11516911239213,30.008453320024525,13.044856325643934,20.54629656679425,19.132030417961285,34.01769010122354,16.865100027217615,23.083950941506664,40.10213773984922,12.40701326523995,137.48845344209866,196.0130852245705,100.36261172182786,136.33809573805,125.58506123085847,123.92124479840405,158.06268231229953,97.81222374961509,120.79922380996051,152.54306146306288,45.45286938153661,17.8604711132478,21.076799038372528,37.01819786224005,28.812999141732764,22.13966907236724,33.610148584573295,37.40237108846666,71.30078723738418,4.110381930676988,57.06133090214498,77.28657921812321,51.22046895269518,62.72817793024597,37.34508907234249,53.60076403419074,37.224393868847756,28.896231894111292,59.884634356660584,54.66391409219495,240.18114458192494,137.50557178787653,134.90570007029044,114.66827952897327,121.94015815157307,86.58977303322413,162.719428035938,160.43529002226683,97.2000337125071,129.58932067972742,117.44537160782718,108.3707035965318,162.87490737530638,117.41349652273854,164.5105774428637,109.4019477104929,122.59547570997444,171.76676675294473,181.5867189225367,84.88306442653808,159.11962666867518,88.43695008860271,116.52199540431937,119.58711546318955,136.2010624594273,76.06466427020659,152.41439726728564,100.99923124453149,101.61889841391178,92.55490426430278,15.181256476681657,35.733035310468864,14.869870346328192,48.003141898882724,32.231737073040065,17.925959223414992,29.764841577469483,45.90373493996002,40.356757247346366,36.3083430163582,88.9331368371525,85.12968271287778,85.80390582904727,90.25552968202753,73.43329559901501,94.6059303251273,87.17606630204654,79.61680576639094,74.98248950427678,54.03720550140205
13.019806701605866,13.624973841410716,17.02785483348006,23.02286033533955,14.391157743735151,53.149698264196914,22.459806358784352,32.253889090947645,0.0,6.244624612133546,34.23504595641236,23.031972915219143,20.061241122978153,23.39300433914455,23.199018232043567,21.321993056798917,16.337574894946503,20.127918915092668,37.093856951153555,37.34216438528368,154.10130416517976,210.50398882976114,117.53295433870261,157.95508354528897,147.3143116190885,145.2422678994683,171.53606535867823,117.39696511647126,142.29347549598756,173.38051718970092,16.82532299994132,17.28855140245707,20.79838732506704,26.87362469808366,14.14863120539267,10.588112562412247,12.041672484482262,13.908840741211549,45.08174099330761,32.159660042852956,46.226705748479645,59.522496624012796,43.58103536577277,64.88647474348312,48.64759312212334,43.649078997201585,37.110083866057515,31.193978149222747,54.04562785437249,43.27574463497264,212.55247979986694,110.6822233246178,107.3067357803455,90.25689705903027,95.93001422029857,63.617331991044416,132.2637464651057,132.95221603803378,71.54320045014546,102.03311710298182,147.5655262083116,137.02631256046394,194.12665533117942,147.60427801022354,196.40471316160256,139.11941582957692,153.1615817345145,203.03636467619995,211.5507171610966,116.57520777178574,150.32759212024553,80.71609973062407,112.53752052296163,118.59858658595591,124.62081091060425,77.18764105145222,150.93442201029902,100.77092299847085,99.06468855581014,93.51137397216857,19.703633809420648,10.46565105666796,39.815089686098965,18.412938255051397,13.623062539635654,14.506934830821761,29.00157494777882,14.999105289611373,15.54329020709313,6.266687027857562,84.01681503881089,86.2794964838306,77.09029400747917,82.28664046851935,63.100107045422895,82.06803677150396,79.34628791059271,69.57080072507937,67.38106400208429,53.234885039204144
7.020702376026109,18.671062711910363,18.441298002254914,18.634228673092593,15.862475145891914,48.86220614721594,16.4843088425111,26.90774676877284,6.244624612133546,0.0,28.17758822275004,18.276255610030045,14.237425548254192,17.313362832521126,17.032582409737,17.728178109863272,10.395729350821997,19.302263916612375,38.50296000618424,31.197082543466134,153.3377684448538,210.3161764363535,116.50483418672876,156.08907212773872,145.3949127690219,143.41147808335137,171.478280981331,115.85015980313823,140.41410213571027,171.72961090514843,22.82795523196088,14.31040296093944,19.352369410262362,29.12570335907756,15.604735375525435,4.77176329686028,10.187887051880663,13.423247757674202,51.05339642116583,26.415430177824796,43.78754969467067,59.09882914819942,40.3661701126892,60.51447972874827,42.921389333218634,40.9269178854321,32.29331193492803,25.729450199392407,50.78977168799072,40.865153546443715,218.77290465404963,116.83695352459813,113.50415339813843,96.18290960319034,102.01262490194124,69.287872826715,138.46745753516498,139.15350120043865,77.55302186776137,108.22573524439112,141.41085155397508,130.7982280263658,188.1025682771511,141.4556317637784,190.55968449120778,132.938126823904,147.0483850372611,197.01377678306457,205.36991754500053,110.68945474262206,148.50198195288195,78.26212108499716,109.6338327998146,115.20834046293835,123.27411451711947,73.13843731366069,147.75798871469442,97.1484390975386,95.82051283788235,89.64517224555146,13.561673964546728,15.189325618743995,36.000697511591625,21.632806602573982,16.462084750686458,10.034893909120484,29.23426088544002,21.24239170544986,20.63120479307719,9.447706688980553,81.06252961420348,82.32072998803851,74.7943200701485,79.89892498837474,60.94265808011828,80.645762103977,76.8986135332783,67.45372182020336,64.72826856577333,49.08149100757729
21.218546772553136,43.356592737343,35.56618133098598,17.17185952829909,34.51941198226211,29.849399262254224,11.802552168957527,9.11516911239213,34.23504595641236,28.17758822275004,0.0,25.35988326855176,14.351710352587862,16.019890565300994,14.911867186257032,30.091823453688747,17.907239587848697,30.056375567882437,48.531840667761855,3.7545574572915714,145.44315915394327,204.15563416427403,108.3960646151592,143.24412698903998,132.5124749184965,130.9624542951661,166.41712416111682,105.41278369783019,127.81279831272774,159.58324278140344,49.376011573602625,23.53184911912494,28.186829121315085,44.36760493424827,34.379252242847436,23.650436041771716,32.27780680392025,35.862907929658796,76.51243604987192,5.110984559623738,50.49767019647367,71.61969946801783,44.28451803717638,54.006477113811556,28.30430186038923,47.01408699219599,29.747118486722293,21.90393497593757,52.27744933709486,48.32886400762696,245.36387724800423,142.87125135837215,139.97044220037094,120.72559462513462,127.54107607577527,92.85091440893672,166.34891817123113,165.59544587029538,102.80195461302921,134.65811249729614,113.40006532785092,103.30985993945473,159.92498057015302,113.42579938114048,162.5290457799375,105.04016191581256,118.93615115581295,168.8361935792907,177.45031516821996,82.62938320748833,150.99750578358976,80.58847151181146,107.99012334090875,110.77572941062347,128.58616431436258,67.29850393246133,143.56516346032222,92.19585731121475,93.01689504577816,83.70043482477813,14.650911769247003,39.978586992565624,23.471777515102076,47.41076358852747,37.524265879863414,21.495925931681693,37.954117977202074,48.91697867146676,45.09392703392462,36.92855686710567,80.69026061244041,76.29926985788401,78.14349967536396,82.42336246086036,66.26613374506105,87.496543804571,79.35938042457667,72.27680261678391,67.31243611251043,45.829720670972655
17.00811835156747,36.56993310409371,36.1115352872527,27.903136392075442,33.688192789320546,53.82167097503146,19.036140064564012,30.008453320024525,23.031972915219143,18.276255610030045,25.35988326855176,0.0,19.318949832848457,9.556679377434294,10.910596277648988,5.1563085853973085,17.490784322147903,35.07453251725419,55.51068066733325,26.3875267857513,165.7947631940846,223.72110550227006,128.6612722498811,166.0065211508981,155.25104260807748,153.50372315997652,185.24380105651517,126.86461814864764,150.40817351065036,182.09001396696254,39.46203549039948,28.067692840350542,34.35963604106624,46.93040027249885,33.437002761414156,17.964804400784775,12.797635575048462,14.666889471357349,67.44932282656121,27.08308271029858,28.161051302028238,47.33053629934554,23.40297275339952,42.24448666814576,26.724083578506413,24.870444967054567,14.093359243544496,9.188172994104876,33.49112303964769,25.475814691968715,232.79387308707345,131.90716500237886,128.1294041375584,112.56977025614286,117.65427127182528,86.43380847727268,150.22487676495254,153.6439983202099,93.65710924237922,122.93256288367111,132.15735186367894,120.04594248769168,180.2184677567408,132.29533705699552,184.2859760836906,123.29416948214255,138.3521693077705,189.107871233051,195.38085970385833,104.73172590795376,132.60362454052066,61.783858547820635,92.34910151034894,97.40784456611397,108.3207593550159,54.95590939769042,130.10656270831726,79.18971645086867,78.20259904227298,71.53566193488119,16.194191744852304,33.218624523176835,43.77820605981497,26.317219354372718,34.684667889786304,22.6065918218483,45.39091561221695,36.477034040893976,38.51401230578586,20.945968818328456,63.84572789623162,64.17025478002448,58.61360030966961,63.508318508199494,45.25688576898013,65.98796051699348,60.44506543297425,51.70263107302238,48.10677226022542,30.898554958585894
7.238078773307773,29.223423563800853,22.793411122587486,8.671264898442795,21.24568694835229,36.31240553444789,2.6868164844618567,13.044856325643934,20.061241122978153,14.237425548254192,14.351710352587862,19.318949832848457,0.0,11.341283882610034,9.999557716677378,22.359356603725193,3.883819204604543,18.807308778490878,39.22352617929367,17.729669857855907,146.4760673992945,204.4349542586069,109.34449254631971,147.0224300887411,136.27213138684274,134.46811714456524,166.0123003042826,107.63834177722308,131.39192117851852,163.01750798307978,35.058744493674396,11.323226934410478,17.410491917398012,32.79438974368489,21.065127673601808,9.51979511322206,20.6376068815035,24.440644402536392,62.46692256551558,12.1784732157291,47.4438662417861,66.26734936508866,42.34353993613892,57.95891691632468,35.585610572230294,44.10765573519553,30.076233291358477,21.69269163639859,51.98615229809786,44.78851716073197,231.1797320431509,128.78776674393154,125.78585616590492,107.0231610114728,113.57324180979522,79.36582291545774,152.0078996360404,151.42703444102938,88.87194070166248,120.47803106633293,127.73735714903871,117.62060448627966,174.0889872661293,127.75842518699712,176.3669466663168,119.39118160982005,133.23198393818507,182.99748272882997,191.79837602697955,96.52060453083476,151.49295053240024,80.57814288677703,110.31511746985656,114.5279463408812,127.53060971494376,71.22829754371782,147.39230738005602,96.03997269297972,95.78262585107375,87.94617258276504,3.156433340694249,25.77871225739402,24.879687351564904,34.97257046758398,23.8876271061809,7.533510145601091,28.522858562558792,34.58613786715533,31.02224235370144,23.471032248610445,82.05728201545108,80.4796986565139,77.57123855923493,82.34079591051696,64.44339166168557,85.28337918702536,79.26053309783775,70.84350472615269,66.91369724378447,47.75175481496534
12.497237849516335,35.69281572733411,32.16025432384452,19.92695166445233,30.11190288358646,44.29782217808075,10.24274943805734,20.54629656679425,23.39300433914455,17.313362832521126,16.019890565300994,9.556679377434294,11.341283882610034,0.0,1.4585510305153395,14.08374336949577,11.142817315002885,29.441037400033647,50.08297934912819,17.524318554981978,157.1305396416971,215.30714616432414,119.97473112466679,156.77170684859072,146.01616375656613,144.30961898569979,177.00507456442048,117.89080870017085,141.20078817334266,172.91706225591233,40.13695747204895,21.960305984768134,28.293225332469177,42.75288397213507,29.887026991253105,14.539645956917743,17.437477603297353,20.660708326061528,68.36613212423163,17.528060620350526,36.80734299607227,56.741125603379345,31.342962546127414,46.794270751543905,26.02293208194384,33.39070649059948,18.739612901746337,10.426549899329002,40.75587785948885,34.29672688209631,235.82208519685878,134.07011217087506,130.6512789856037,113.48336809176656,119.30948770343748,86.45695399562557,154.6768221904621,156.28627999501384,94.86623910550837,125.38645446946165,125.98007402424294,114.64126825028254,173.47518152902168,126.07274831636742,176.90711023754963,117.29689056994448,131.918783090231,182.38225384639418,189.64504602941747,97.10308629730059,140.3079806604712,69.39164235703501,98.97516928892759,103.23072867545275,116.60511198978917,60.007747322933284,136.08588301726684,84.76565475741023,84.44576127671245,76.7276555600397,8.296920628488776,32.146694900690825,34.665908103614655,32.57314460349236,31.995353549475006,16.952337751522577,39.50424645029058,38.25549480587412,37.6367890331953,23.872406579217273,70.73882046466967,69.26797801222314,66.46687895819036,71.16804419106978,53.56019036222453,74.57878363684341,68.08409573756781,59.89253491042299,55.751749582097496,36.42455636378557
11.755820440056368,35.19503971794659,31.237058354229017,18.53675198726973,29.253953845120055,42.914407638153165,8.80301176326065,19.132030417961285,23.199018232043567,17.032582409737,14.911867186257032,10.910596277648988,9.999557716677378,1.4585510305153395,0.0,15.292992590257974,10.096156677066244,28.300627645716602,48.91624616210676,16.637202390076048,155.6731506985048,213.85534632539594,118.51723607798044,155.32766843645524,144.57202539696863,142.8622529588434,175.56018450551562,116.43367329209175,139.754370323036,171.46848850731516,39.84652162283819,20.796507622697288,27.101089715581608,41.758626669212624,29.03432388559506,13.925568917361755,18.00285985861543,21.356329799490215,68.03050283933848,16.18577534499634,38.265362318574226,58.155878942424934,32.7958102236401,48.02572337347716,26.775144580085,34.84921129066197,20.083908737054195,11.699386864366067,42.180879873512886,35.75173428250697,235.7291854175575,133.86662223942807,130.50498440441854,113.10196767960404,119.03567074057757,85.96662496986065,154.83445303283796,156.1490336899032,94.54221903703196,125.23207582990722,125.60495699311382,114.42001831102208,172.97303479707674,125.6885919401656,176.26884081701655,116.96084060912207,131.4902395994041,181.88219894226654,189.33894175134034,96.42942741009664,141.73654528516067,70.82210993373795,100.3411594294068,104.5333159105311,118.05749402543573,61.26616257727786,137.39526025433295,86.05348573179062,85.78729040166735,77.98616931935153,7.022145368851967,31.64308068603527,33.210401292665644,33.197527947518246,31.25401595050979,15.90725647950059,38.30149903223276,38.14211847379134,37.12816587484144,24.063006745720294,72.1298276639283,70.5228838988612,67.9082049595596,72.60055774457267,55.01589311457857,76.03715145398272,69.5162302543732,61.345291973305045,57.18690147940975,37.752853485625394
18.476006840541523,34.922107718842014,36.1419350911706,30.601723169102506,33.58385480731444,57.88760126700475,22.58891103456243,34.01769010122354,21.321993056798917,17.728178109863272,30.091823453688747,5.1563085853973085,22.359356603725193,14.08374336949577,15.292992590257974,0.0,19.81549179454694,36.10407877092094,56.05999389850931,31.340844382378087,168.4664122337528,226.10711715757589,131.3885726445728,169.3817287408422,158.63148799045166,156.82457798860898,187.48200217675952,129.91540761715632,153.75013571217593,185.36702276238077,36.953089508941204,29.607497884168613,35.66788415295625,46.85378022091863,33.32648836438007,18.76551019555076,9.699939890507363,10.476220979582525,64.49476754843415,31.394000695546147,26.344858733068964,43.926096385684595,22.637993311945966,43.645953608122866,30.84499927106282,23.33054208559595,16.734373918624534,13.825281775652492,33.06781884132528,23.479667986348705,228.7156508125085,128.22454329118042,124.31150028781698,109.44383993508804,114.20068662819637,83.79433573647086,145.7158058636194,149.7518796015032,90.45213773090802,119.148400302286,137.1896831024945,124.95039553139688,185.31662917432544,137.33425457097962,189.43445271675944,128.30169740247536,143.41866386678714,194.2032896011077,200.3254807026114,109.88802140583599,131.16966724145826,60.667266473564744,91.90865781900945,97.54042200241467,106.36482758069977,55.86571412266315,130.04601477572814,79.56959329590167,78.11266791696619,72.2169957989003,19.400746704623334,31.77549594170355,47.20359986336866,21.593515147071447,34.06043880500768,24.169139736047565,46.35949389088022,33.494265698934115,36.81569473701129,17.988362165016635,63.337352490360956,64.96558213111307,57.28489204759798,62.33145890505756,43.57482750388309,63.816272296847174,59.30883719968841,50.08228936969291,47.0779436873911,31.932837666851107
3.3758424257885062,26.31379965602273,21.193247866565322,10.82366572147126,19.31327449130674,39.84255354116061,6.122695105455004,16.865100027217615,16.337574894946503,10.395729350821997,17.907239587848697,17.490784322147903,3.883819204604543,11.142817315002885,10.096156677066244,19.81549179454694,0.0,18.337439049779324,38.99669609335108,21.106667597331008,148.66100166358945,206.39277002687064,111.5752701885143,149.7776333145313,139.03590503224203,137.18491081373193,167.8430203054984,110.1440244882844,134.12702291691167,165.68977634472265,31.80768289133175,10.923394800415618,17.292596240642546,31.663760503975283,19.104566247544106,5.749660407445386,17.02677650509685,20.828901640953525,59.535702079700236,16.043214707002814,45.58978963028047,63.68616993061524,40.86097867115908,57.836103390186395,36.744748422491014,42.34017175232224,29.546530387852,21.481784691545535,50.79450796937992,42.84534567181127,228.03726075647896,125.76582198688541,122.6614277248764,104.3171613967461,110.66070692125582,76.84173274312704,148.47853659513362,148.3133566514032,86.00963437226838,117.36048302739844,131.28802141166514,120.9752553940549,177.79110576301326,131.31888780731606,180.1686882101465,122.88944191062934,136.84326107981676,186.7011079355234,195.31294334789976,100.30522266922911,150.0824310616534,79.23026406535993,109.46350162889007,114.05071857946089,125.77329913557233,70.98555330385365,146.86833957576567,95.64649579369386,95.09672752087823,87.69699674430197,3.7884128852995276,22.800718526638498,27.936859400474496,31.138724095080537,21.574415494395662,5.814660697036051,28.49811483121954,31.048160967599415,28.17602581258336,19.587834961692327,81.05994104297008,80.24931868385944,76.09539586750395,80.96557774393881,62.7338750655268,83.36098957488277,77.89676290284761,69.18848112993547,65.54989553668793,47.21049661553643
18.0708768466515,18.556383613456504,7.00597952738409,12.896952311160998,7.886473586298062,36.94028009133663,21.092725001329825,23.083950941506664,20.127918915092668,19.302263916612375,30.056375567882437,35.07453251725419,18.807308778490878,29.441037400033647,28.300627645716602,36.10407877092094,18.337439049779324,0.0,20.66032525449406,33.81092420246135,134.2191624642022,191.0326179248356,97.51905175906138,137.84030438610804,127.20899725842177,125.12454839148252,152.17944811994337,97.2709311341615,122.18254570567333,153.2527505735956,25.739423135951697,7.521738817525707,2.0419977812769545,14.343075094903257,7.965278673453176,17.348026347531455,29.48986145248865,32.59626083231016,48.85802112936385,25.576029768592306,62.44891316235056,78.40013782296333,58.35979817219491,76.17203551365031,54.3885085054754,59.39764246270011,47.83958529766057,39.817400029977414,68.55806197412528,59.578704558862306,217.43388543936703,114.7286849909114,112.32484213585285,91.62697068823306,99.05851059678385,63.52220367608861,141.42403592120647,137.75480417970084,74.35764344326111,107.015802123864,139.89448726950496,131.2992248573101,184.38977425858494,139.82813861137404,185.04428797664474,132.04241247071133,144.78323918072033,193.24309373078054,203.98977757788518,106.14777819434956,167.27270608409214,96.67011639549683,127.42034807064749,132.26887104817905,142.34683056533805,89.30337331261182,165.04877277600866,113.91016985990755,113.20152003352337,106.0082655805277,21.361089831960385,16.61409577794412,23.129111896788647,38.47921515833757,11.29263379818477,12.628747990688854,10.317611641248423,28.065182101881327,19.524086902263697,26.34251986992456,98.91922271704244,98.56669926092486,93.35647047717318,98.35984499097827,79.67862762037143,99.73494387032268,95.3188100956748,86.18636651059082,83.02479022196869,65.45938426895579
38.59149768255228,27.735298262886378,20.204154234915652,31.981545109199995,22.85904876492187,43.55052005786582,41.303558506624384,40.10213773984922,37.093856951153555,38.50296000618424,48.531840667761855,55.51068066733325,39.22352617929367,50.08297934912819,48.91624616210676,56.05999389850931,38.99669609335108,20.66032525449406,0.0,52.186077461161204,119.01615576840005,174.22871216672223,83.44837576136078,125.98005067135416,115.66443513007545,113.30283429787063,135.1528676398491,84.93673803507342,110.57076142597738,140.5407388529329,33.02346514514917,28.123974015123395,21.831457690518175,10.859054292729045,23.11401849834202,37.57325340133443,48.35319468285665,50.87439228013151,43.76662556616337,43.55430183560385,82.28186284033441,96.60866852424408,78.59027682991825,96.83225200472573,74.61730200806586,79.37255686744156,68.48846265170428,60.47341029757362,88.90033970628626,79.36439906686367,207.0583371872867,105.05580074247206,103.66039475651947,80.26870951145925,89.0319717868311,52.572432372189,136.32429002377364,128.2608770751047,65.32490167277332,98.48745436353828,151.4338780474876,144.62197476043804,193.3758368934285,151.27259681552314,192.21159856078216,144.229106937534,155.59347941110065,202.0892948393594,214.97203604186396,115.63804699257948,186.99044114343874,116.71860410898533,147.81159914028447,152.85506602551175,161.58405056407028,109.95784634746421,185.6007788413431,134.53081831713976,133.71158013981218,126.65873546933952,41.932403156638216,28.584123588823115,32.40289770791916,53.673746885682064,23.65186079052936,33.27598086046235,10.758937498453276,37.57203929300151,27.08918540249688,43.14040324188801,119.2652182463155,119.22062503519304,113.28543226605825,118.37060917784987,99.44555276697561,118.97585939477406,115.3580315235852,105.95640196175785,103.1376032142145,86.08274879725992
24.33932539816243,46.88580910897585,39.28994183954249,20.925628415514137,38.20333950386917,30.97210800965502,15.098355398043052,12.40701326523995,37.34216438528368,31.197082543466134,3.7545574572915714,26.3875267857513,17.729669857855907,17.524318554981978,16.637202390076048,31.340844382378087,21.106667597331008,33.81092420246135,52.186077461161204,0.0,147.22428160940873,206.05182500379985,110.26364968560247,144.35351758492826,133.64414229743016,132.16283539472946,168.49524499875216,106.98881178204618,128.9999452413591,160.75997663980047,52.78593230531016,27.25327058992508,31.94027372067462,48.12117705152891,38.058807308722365,26.801673559833397,34.494188772878125,37.9539260943224,80.08606985815116,8.640423591191407,50.07472248976978,71.61022667405926,43.667395225850846,51.79247903951853,25.657458900441352,46.60317955072273,28.913537197791843,21.63885465448721,51.12026277184569,48.06404390907212,248.88465494603278,146.4375337628441,143.48901594570495,124.39068135116241,131.14603378368838,96.54451678811871,169.57503440188347,169.12360980130404,106.41512335281766,138.1790028398061,110.22359694611673,99.90160222480515,157.01087906766404,110.26394761319818,159.8970116940324,101.79186631492954,115.85519738581273,165.92318626287184,174.21980358391366,80.00602358328044,149.25760874674683,79.14596203907023,105.9051192266436,108.37071555582258,127.2539295710896,64.99742860897726,141.09511071921494,89.81505800743219,90.87256750431682,81.25870474171062,17.64203256013558,43.47578928193612,26.080093724094027,49.69798384385366,41.168131996177486,25.033674673314827,41.64414558561358,52.15259827579607,48.647138978333395,39.67217291998443,78.91551158857885,73.89940032601858,76.85169592619899,80.98987083484022,65.36451102839152,86.57307114888496,77.94458651872102,71.23450295159515,66.0435633959336,44.20088548868768
150.17126304227787,146.69950031340042,137.43619227710113,137.94729777611076,139.94802821190063,116.65437022139407,146.95306698685502,137.48845344209866,154.10130416517976,153.3377684448538,145.44315915394327,165.7947631940846,146.4760673992945,157.1305396416971,155.6731506985048,168.4664122337528,148.66100166358945,134.2191624642022,119.01615576840005,147.22428160940873,0.0,59.08730401691486,37.15673652471314,28.256619606215683,29.37145861312278,27.672019248808176,25.587667784809454,40.85231018741887,29.657384192741798,30.189730962386374,151.92823538491913,139.37720512868677,133.99148116382466,129.8378342761185,140.16979144811043,150.43213166517052,163.45718190756577,166.7445534431765,152.9005087438386,141.3476141549784,193.87042563489837,212.1415150748874,188.43984287414904,198.8396605106054,172.3241979343802,190.4896973952368,174.71172579266633,166.33881362312894,197.3689890985756,191.2541763933219,269.10963564704446,186.84384395001925,189.1988108312543,163.31464331059595,173.80799918305573,147.72068612099332,227.41406367317987,205.74001216218954,160.31674605329704,185.64050483899211,178.01855859149293,183.19770333000528,194.57156836319018,177.37054330364126,182.95830821461695,176.5455500404994,176.87257576037504,200.62984545483948,224.16814592567948,144.6622576738856,296.4370008516317,225.91527820936287,252.98467099088714,254.6237506559384,273.6422044779307,211.83182551365874,286.8435321301689,236.27801321201855,237.891560689254,227.58702515956688,149.60430512279848,147.18241920306988,122.7000541680603,171.9641459550094,141.7652563375825,144.59875496638756,125.19330121341011,156.57825906570665,146.10533900433057,160.367981461134,226.11003777549652,220.4254912149728,223.2845131334757,227.73744552180344,210.67959272783784,231.69508283090104,224.65981049741097,216.9677726872856,212.46800272785174,191.2727182643493
