0.0,1.5116107911981749,1.330789160324796,1.695686896685224,1.4167216047218467,3.5191564836715323,1.3145782728546163,1.3394001929992883,1.5100188246557786,1.6594011092781,1.3666744904565553,4.410987201320126,1.3576719643720263,1.4874957557425335,1.3467183705749932,1.3489183790655153,1.4529659225185296,1.5393448004352615,1.382950080880903,1.4726549548237011,1.3421733389164001,1.5440134109448305,1.5612214770433661,5.001455667314692,4.296773347519179,4.775136592169584,3.5121277092586736,1.6572845394893185,1.642942045813762,1.4827483248716447,6.357043539529721,1.3207714930758052,1.3812645044039913,1.5941255912268169,1.4028042433018353,2.2322833534711326,1.5886735288162572,1.4089962317102966,1.4025692559208687,1.4610534458763489,1.4294385849688094,1.4780498461338338,1.4000117642044614,5.677773679237022,6.087597993849199,1.373426534112024,4.8818530307324774,1.576984484391213,4.952217476193725,7.969014959979248,1.3373112001590586,1.3321806972042727,1.46430556519773,2.5540790358213123,1.55637578494201,1.5226056297503825,3.104050567981918,1.358900140715919,1.832895884198391,7.716205378257705,1.3397822240821877,1.3558077429521485,1.9958703798852326,1.5012078190832407,1.3455394097166333,1.4447268562476465,2.0132350503330216,6.74843296652357,1.3429539118774254,1.4969616954441263,1.7002180296263776,6.6942361436079265,2.0386077256789736,1.342300520413842,1.5585467874053363,1.4125040223055934,4.51270535073137,1.4498635885593851,1.3906075122890942,2.112502654485897,1.5848476630328707,1.542911731294174,1.473630547442759,1.6289907749118546,1.464747474049703,4.680799247115483,1.509888637806736,1.5136466731772984,1.5324827409180006,1.4125309442827132,5.20085465670367,1.4537763878878431,1.9340246471818767,3.916543688094695,1.7398766215199204,1.4046198403227284,1.4849147417659105,1.3285273671717877,1.348185382847191,1.6795276654512463
1.5116107911981749,0.0,1.2220489163542954,1.6433181456482406,1.3135697682717709,3.725935205409137,1.2124159125046194,1.196275709428027,1.6296499187638585,1.6390320810526335,1.2653556348703154,4.602796923307817,1.237806596248332,1.3836535035406852,1.2716149704017443,1.217150102660311,1.3487045854589101,1.4677489095276746,1.2775411190873123,1.447450201334197,1.2662212239014878,1.5583242694910735,1.5368263536645086,5.113297289771443,4.441289868335558,4.890015585470813,3.6933743513379595,1.7033618447343124,1.610634912438878,1.3985060776246692,6.50594380855598,1.234240319352938,1.280164212034839,1.7539665364734658,1.2854037061106933,2.317908277709563,1.546279638525975,1.370089997655972,1.3458348003572356,1.3678125315146108,1.325052184750707,1.3311284381364605,1.2734219134728402,5.841422040590701,6.217394196975606,1.2479166789789895,5.027767326573609,1.4317497014104852,5.118604065022308,8.105319087473708,1.2183032561963103,1.2733739357278522,1.3387047733820474,2.6799263805981735,1.4946087272251418,1.472342622180253,3.301726473389055,1.207326612167004,1.9850367246252554,7.8346994169280855,1.2111208869139019,1.234842670550738,1.9811542235127808,1.3602141059608486,1.265330621839726,1.3812727464554957,1.897210372110832,6.871412138640261,1.237328388375508,1.4441604559240757,1.7107339676982785,6.830506771382797,2.1041076450442344,1.1858447735990336,1.5608888330213986,1.3316990054854503,4.652923624716646,1.4159056732635242,1.2436595807203796,2.141249739540561,1.615964639111577,1.4872202858674564,1.4425866893986141,1.5559743798017258,1.518190866535781,4.850641282934958,1.5117012436910284,1.4295263981338104,1.3897094284259328,1.316278875963432,5.313715896586745,1.4225246077354996,1.891342342262922,4.010716626067499,1.755343793250847,1.2750224448079723,1.393303509686594,1.209143558801063,1.2498257992477475,1.6977463229177057
1.330789160324796,1.2220489163542954,0.0,1.3424019816470383,0.9284826854597162,3.7364483428614492,0.4426648586094558,0.5283789187940973,1.4480827382670733,1.494969994234295,0.8992923484398685,4.631725267330347,0.4263059550276335,0.9798408716786368,0.7469302376467573,0.520820852765912,1.0320042250716785,1.394868783146083,0.913797389000552,1.048361107762047,0.42362869422497224,1.215112981370505,1.2102544026868989,5.147539769630891,4.484957454483852,4.9195446492194845,3.6672194815542625,1.6338789528095654,1.4577336395292892,0.8020487360903245,6.560590775102451,0.45334629705887264,0.5598837621999234,1.566605172404596,0.9054421079466625,2.2610505324279844,1.2881735771159348,0.87240843502831,0.7061223463297969,1.0706156280517132,0.8388367404230621,1.0350809897648685,0.5967844919417384,5.855753438084353,6.251238280653195,0.4190840591415024,5.011599056869127,1.3774431371289195,5.131571580518616,8.14567025908406,0.3929016905459149,0.9272862044543279,0.9846633912539732,2.6826535372776177,1.1415117553159118,1.1369539522225547,3.3093145636928694,0.7037722469560419,1.8772902806129146,7.893030989544149,0.45022099684393385,0.5036970783766139,1.9826747188088212,1.0759044945069958,0.43305821037287556,0.9865128750142175,1.8618934309278616,6.912635578391822,0.5666216473601192,1.0727340147720565,1.4970805048984415,6.881805935195172,2.1520470831871674,0.47076740063472305,1.437376265798201,0.6855874552222813,4.7206431248126375,0.9777738763600119,0.8295212257571403,2.107907272029385,1.3337815048086326,1.2719040982153755,1.11818613088894,1.3459639386480347,1.1881947743628232,4.853955352942523,1.2167401002034808,1.2588884005181342,1.1752680675624685,1.0280151494019445,5.39199714335697,1.0921563663875,1.8048082451659089,4.047254861214092,1.5820977844564188,0.5860396995425533,1.1287248723136456,0.6632243982399976,0.46494627070471223,1.5369233887738858
1.695686896685224,1.6433181456482406,1.3424019816470383,0.0,1.5777280704894618,3.782302583836116,1.3702048003827987,1.4050470080945492,1.8055685955783078,1.818209763875687,1.5412308188526471,4.624225242263456,1.368750937126222,1.4907652782915615,1.444904909140013,1.4178953545861581,1.5208984343647667,1.6890765702105337,1.459521499893624,1.523475685619187,1.3963442858875583,1.5910896087385804,1.5592512307136968,5.161303269270071,4.522894159603947,4.871963141954933,3.6209274303177414,1.8603177285309158,1.7169257453054219,1.5051746122637468,6.5461635157473985,1.3550406887659738,1.4128306381657685,1.8456701205093082,1.5518980833096692,2.4045221639981205,1.5086152306819673,1.4478639917832035,1.469893477077117,1.532260327912296,1.4604430968559003,1.5018206514390275,1.4050143429170003,5.819218188338217,6.2168017838890455,1.3940360849080256,4.873749988416,1.785239186436738,5.141559921632187,8.139476848915011,1.3687940477225076,1.516813775498171,1.4987363260773257,2.664417589971587,1.6914161170865485,1.5633059139870185,3.286878862191931,1.468589124594153,1.9444272888274494,7.886450541424449,1.3692901137909774,1.4238436976707551,2.200673355745683,1.6107759766580703,1.341066742080299,1.5369866793569658,2.100789661894243,6.887485610753033,1.3781721630373578,1.5778648237534716,1.6407348596030382,6.867876280872785,2.2551010376483003,1.4177226543987833,1.8163158763429998,1.4861743661999685,4.701749175838711,1.5173036383542797,1.4258029883830827,2.178513733861471,1.7190127085270885,1.653957291555631,1.5823842349504287,1.8108663760577823,1.688530783723106,4.889185099346204,1.6593108773638643,1.650939055743,1.5845344237527228,1.5950276358670679,5.400344357283718,1.5962309133752226,2.095210576547595,4.077114169953299,1.8672929678143506,1.3764184224723648,1.5380041675932812,1.4174605370466131,1.3678605521051819,1.865732432072498
1.4167216047218467,1.3135697682717709,0.9284826854597162,1.5777280704894618,0.0,3.7603488539114016,0.9619498464057102,0.9286321853316576,1.477446034409269,1.5458216307712078,1.0342220481431526,4.6305253299753115,0.8858003271299109,1.181220971613655,1.0358777680588485,0.8559749969146397,1.1344694450302102,1.441498544110725,1.0326205884698167,1.2382698900923128,0.9071898026918417,1.4130302581679017,1.350061983875476,5.163768858070632,4.440767401627386,4.901874121554373,3.668149186023891,1.6955680127239676,1.5947227501341832,1.173417259072215,6.542981284969336,0.9168491109717748,0.979080372247567,1.5714602854240896,1.0868679972549709,2.311472380911895,1.4103055753396303,1.1764247818752707,1.0810028587536413,1.2116607966973914,1.072836079703642,1.0512150999755596,0.9696710576425399,5.846398717176676,6.231535836324343,0.9567531259414407,4.984233029056672,1.4163438298252504,5.119963241087565,8.125931436995392,0.8945782911433663,1.06868224347479,1.141512799626095,2.7159315386193077,1.2923179440694317,1.2471585881020295,3.2859533116372432,0.9687771947181568,1.9014441773864403,7.874748831482535,0.8765605906093425,0.9496619677210365,2.030964992775573,1.138956705002324,0.8998007341831703,1.1604464903217315,1.8932820714583742,6.890806580657395,1.0137342018561568,1.243720398363728,1.6132811022151112,6.866525872030887,2.1866373813614226,0.947904453967444,1.5075650975736474,1.032907194797122,4.689893391257663,1.1763125515074313,1.0692514325199873,2.1253845764421837,1.4568757084108754,1.4036132676611528,1.2401169128061993,1.411154016249649,1.3813035566208636,4.8283158051648085,1.3017130312475191,1.3723358006047872,1.2825450400015463,1.073941281636854,5.368940441941613,1.164360110750282,1.804452988221206,4.037164651744212,1.717289113031232,1.0396739336693213,1.3338387048141185,0.9654279476939582,0.9370739922595757,1.6198903960367563
3.5191564836715323,3.725935205409137,3.7364483428614492,3.782302583836116,3.7603488539114016,0.0,3.750380306033026,3.737639975079594,3.6463002514441456,3.537261572037911,3.7293819741832284,4.098041178148742,3.752151380758892,3.7481593383009972,3.721925165333168,3.7439390157069226,3.7580939363978167,3.6388613640777163,3.745462215201933,3.7071391693903304,3.76417317241596,3.7382198954522954,3.751957318980282,4.638921045939345,4.070626684206358,4.457649368633288,3.7342561200105737,3.6521852509893233,3.717936194354078,3.7641826732386097,5.598510762149721,3.7515120954515577,3.7505567773107424,3.593534114821676,3.7258150322746997,3.3100347882427825,3.6569622682789893,3.7666649866241038,3.7481345305099802,3.7618062136930823,3.7647297534992235,3.760015718143156,3.7846307694860184,5.239574798920837,5.486478309843644,3.756295070282591,5.0373780266546255,3.6485197070252027,4.352948664854368,7.281765506161178,3.7415865294123667,3.7561291514932966,3.7478611250545706,3.648974752793036,3.731740237543402,3.790410570839553,3.4730391918797174,3.73176745432106,3.5775263256327974,7.065064901281953,3.745346233421301,3.7419859129060997,3.3735023283814,3.759539233240804,3.749126459739736,3.7321834757557273,3.576407474276121,6.054112560908203,3.7412457326347877,3.7833744102858446,3.6193945065346367,5.9542020689452615,3.468010076013203,3.742435964725815,3.70179422022802,3.757325075383674,4.236119885600579,3.781179001827322,3.736508833188816,3.5277573859425573,3.716762107570246,3.721911456924852,3.7623876054268037,3.676894502771228,3.7194317104687284,4.285375459083764,3.7549342435928295,3.707667401702249,3.7548654146622304,3.765465317502209,4.830851849611568,3.730954698797285,3.50565861629229,3.8795979201029946,3.543548368338906,3.747808960743008,3.732778806602201,3.7271845716214025,3.7555828498535693,3.608664702836771
1.3145782728546163,1.2124159125046194,0.4426648586094558,1.3702048003827987,0.9619498464057102,3.750380306033026,0.0,0.5477001504539518,1.433398074898399,1.4807425776663838,0.8260936654951075,4.637161555111921,0.4531344873158617,0.9821195649196556,0.7879813312749263,0.5210701372324272,1.0134944576757392,1.3946134826179108,0.8832007373100983,1.0102258220178089,0.43462750347865736,1.1784511428403412,1.1696337821217355,5.155749857372531,4.497215045004046,4.931729965156117,3.682720643145393,1.6468385290635221,1.4439550675246198,0.8295414165621824,6.5594036245244,0.4329134097021153,0.6222410820995926,1.568935796670111,0.8782214400254282,2.265499348280221,1.2963999602077987,0.8251651194088008,0.6901021393560225,1.072055372181661,0.8145718202159445,1.0289575354004108,0.6138991140959158,5.868954408963507,6.264315575359015,0.4547432252485174,5.017770468773449,1.3930269136122369,5.13559335194465,8.154275589418326,0.40300085980392253,0.8485472606384321,0.9479831141283828,2.6937606988327087,1.1409707786368795,1.1471518242218646,3.309360816067854,0.7277843087593288,1.8568424961836545,7.899866233369205,0.45236294891778717,0.47349195450450016,1.9918231107274813,1.070158230321196,0.5286499236250866,0.9786762402682952,1.865970614063911,6.922889239057618,0.5542784243544615,1.0591702738854796,1.489910525509313,6.892099650879712,2.16581352261031,0.5122632340396795,1.4423033034429042,0.6759759699596507,4.7287886996479305,0.9086006853096434,0.7995635287396687,2.098684843686664,1.3556774759226695,1.2756439004233335,1.0811830356566814,1.343494479702908,1.1892095607692736,4.85683008998145,1.1857751064164006,1.2292355609702896,1.18839431014161,0.9984331969644535,5.390479044389555,1.028383374431505,1.797541685403582,4.058040342518638,1.5742605501972113,0.6513640762552195,1.1317396147638887,0.7158253918060328,0.44815928704413954,1.5302683739496235
1.3394001929992883,1.196275709428027,0.5283789187940973,1.4050470080945492,0.9286321853316576,3.737639975079594,0.5477001504539518,0.0,1.4314961484110424,1.472149992116612,0.860651628557412,4.628344177372589,0.5685166603405012,0.922742532415153,0.8013642212721959,0.5598395799869609,1.044356547934012,1.349766061081407,0.875188194199984,1.0296762769721326,0.5776519902355743,1.1694084148842105,1.2076810303824557,5.150644110241574,4.494439186016622,4.93390457007841,3.6700251688081185,1.6386896980416688,1.4445582715855056,0.9000043723212106,6.549126067353853,0.535592479141413,0.6011287810091097,1.5919027656017861,0.9653905022085392,2.2761375936607786,1.2750962108888138,0.9289196273315297,0.7957068089740251,1.0987560694747127,0.8598865027165016,0.9980743464143635,0.6670778144172891,5.867555162311103,6.255773395444122,0.5666935948210003,5.013523315083295,1.3654112257900954,5.135183126569899,8.14555926890368,0.5584288400363865,0.9133584987579729,1.0031440899419917,2.6895078211633585,1.1672949745303376,1.1380352249224834,3.3120410529278312,0.7326128494512578,1.8710496614553886,7.893571541430881,0.5408681124430932,0.613497944835401,1.9997998375865964,1.065650084974978,0.5801368452464417,0.985176244740033,1.8521571753606632,6.9140180855741535,0.6443844714796015,1.0745515065227391,1.4993422973679205,6.887364591454775,2.140516515057268,0.5616783923425936,1.4190076484823526,0.714083074027062,4.7366532990823815,0.9937727271786022,0.8639140506860673,2.117510443687581,1.35117250670225,1.3173772021401107,1.0822817515903331,1.3380343394812337,1.197928315258058,4.866992928181,1.1895711805766174,1.2267454946282452,1.129069121864258,1.0026924127492742,5.391110605675056,1.0717197272383443,1.8076007662974736,4.043687662531489,1.5910796439414554,0.6967231713390173,1.1419453751749349,0.750560153952115,0.5359520668296703,1.5471802997826078
1.5100188246557786,1.6296499187638585,1.4480827382670733,1.8055685955783078,1.477446034409269,3.6463002514441456,1.433398074898399,1.4314961484110424,0.0,1.7084872323782414,1.4560966050723498,4.5211886546113,1.4227743134379254,1.5590986232430235,1.4154890251960415,1.3833484365412438,1.5440210544603403,1.6466976584222053,1.4477074652648305,1.5014024377274862,1.4422381721761433,1.5986340056119555,1.6239636858088693,5.0780485646290785,4.344465018503092,4.829018914390076,3.576998337521059,1.7617584697703301,1.6326243460998324,1.4935963954716542,6.421782035804458,1.4391735121065905,1.438071344693506,1.6843792350871503,1.5044976198805762,2.348633015527538,1.5677276137001788,1.496017254898193,1.4926722672820103,1.5830160207847415,1.4834161170975741,1.536005382260191,1.4952326355655996,5.747357963940808,6.173794450339196,1.4561752791328864,4.932107612481568,1.6814324120474096,5.044796731292411,8.047503578301376,1.4033383213658306,1.4257137752923017,1.493744282731483,2.6198565637476827,1.5754430662356387,1.6136273250741864,3.1984629873686803,1.4233007304606549,1.9289765689310763,7.785804243055539,1.4056879827858049,1.4449287523702576,2.0374964989006057,1.5198075305650247,1.4593911376322275,1.5085371578749571,1.9736847566302698,6.791225988527115,1.4153614295659962,1.519454993366923,1.6923502694956105,6.770563239554782,2.210082734747161,1.4325030176686828,1.6283307785644063,1.504578279233036,4.598823081677775,1.455141370794117,1.4912662558297116,2.131063002272181,1.6265343977876028,1.5520318895386847,1.4812807458189552,1.7559603958008545,1.600784782826522,4.772279789411737,1.6025378722954142,1.549516137801334,1.6626607516019625,1.4435045636444837,5.2619888021131755,1.5042713861477865,1.893878627727046,4.0169820310852185,1.8192550796829983,1.5177591773082266,1.5458524773055795,1.4377698230441465,1.4509056124283715,1.7746810922105647
1.6594011092781,1.6390320810526335,1.494969994234295,1.818209763875687,1.5458216307712078,3.537261572037911,1.4807425776663838,1.472149992116612,1.7084872323782414,0.0,1.5234867968286052,4.423341541603673,1.5090532485131678,1.5751977342278347,1.5352620872142249,1.4815353537186473,1.5911080397026305,1.684848326809757,1.5202603588983996,1.5730741897761584,1.5114881551557953,1.6766785395728327,1.73327478102066,4.952873729024311,4.301057091233593,4.693180355447134,3.500330228213185,1.885960586520323,1.77329572875562,1.5322625063004418,6.321803724534871,1.4957442311107614,1.5253883586480843,1.7466402500038036,1.5663962042812225,2.2106451373683567,1.6962280613851632,1.5699088873210911,1.569616666513631,1.6402886182078869,1.5570003615558379,1.5505529278846404,1.491733901499423,5.635976635464172,6.092130631687482,1.5235481417654972,4.904073050012449,1.7422022797509296,4.920859386473102,7.953863143391932,1.4773759165650546,1.5554427416326062,1.5424762181159777,2.6579046144843623,1.7037546236419072,1.6652405200248013,3.0622871480658818,1.524911021153865,1.9103544479549572,7.706212784800271,1.4802649365241536,1.4913748080904368,2.043834145589841,1.5971296044001384,1.5015600357273613,1.6114751205441213,1.9305973765038567,6.719828106634488,1.538517347112184,1.6662286977701186,1.7657004146167765,6.6746908852085385,2.219967038193424,1.494822148489657,1.7965232836613008,1.5697266354050001,4.543650319345373,1.563171242537456,1.5512258051015932,2.1855874556386703,1.7427580715939768,1.7076791192937992,1.4575662321088145,1.6562220733015571,1.6532129477054114,4.661695943846614,1.5729223929126244,1.6370146490757045,1.6796228440726473,1.6161851218198808,5.219557465543262,1.606142148801778,1.8972784829288156,3.8020823996904176,1.7608640504833608,1.5020591589278185,1.6468180434857458,1.4909658174338214,1.5191760591909582,1.851469206572211
1.3666744904565553,1.2653556348703154,0.8992923484398685,1.5412308188526471,1.0342220481431526,3.7293819741832284,0.8260936654951075,0.860651628557412,1.4560966050723498,1.5234867968286052,0.0,4.628497888764651,0.8852605046206793,1.0674602065162557,0.9911304760677123,0.8541472518079046,1.0419154188054125,1.4119690631470734,1.039971950317803,1.1517339094895693,0.8938802490827084,1.33133748801291,1.2855596865696879,5.155336796204473,4.478822254276272,4.905545323784712,3.657129687260007,1.6127764856626285,1.4834490648762684,1.0808498391798194,6.564709100837088,0.835160045418889,0.9559014950643693,1.658798128995077,1.083119860426149,2.2775862026545695,1.4165608796658054,1.0367149278215266,0.9702948588612004,1.1577124754496548,0.9991829932095622,1.0918921359136313,0.9528763868934079,5.866416992307717,6.259351524427084,0.9476444705944922,5.008186885747013,1.4273230172725395,5.1239917042387395,8.146129189766585,0.8708430387026087,0.9058799974891385,1.092939839720369,2.7278688465652596,1.1782463820685405,1.2925778630781788,3.292573554420173,0.8526640600483263,1.8403994617977901,7.891071692183,0.8338433890248826,0.8912968694660374,1.990828465673607,1.119340808799899,0.9417576430830593,1.1001673311060938,1.8793047127553315,6.902126548471368,0.8877335509739799,1.181320777669909,1.5603008816403197,6.890779731379932,2.1564124225865053,0.8764413134463296,1.4316099821925248,0.9652842392617517,4.71698247887934,0.9935368051301338,0.9734506694949911,2.082759994451719,1.4137751671990395,1.3355106318717225,1.1567456497595354,1.3725087398674638,1.2745420194383412,4.857165456767358,1.1634000390902521,1.2916347848382588,1.3050415563726536,1.0173389351387667,5.383632558689118,1.1591621018371725,1.7602191641205662,4.040509848196638,1.6292490061109672,1.0064131610397944,1.2625057258098422,0.9026040366485085,0.8878138161971404,1.5523506122162902
4.410987201320126,4.602796923307817,4.631725267330347,4.624225242263456,4.6305253299753115,4.098041178148742,4.637161555111921,4.628344177372589,4.5211886546113,4.423341541603673,4.628497888764651,0.0,4.6408510506286555,4.658546239983925,4.6129066515461705,4.6294863824229,4.633253208446426,4.517181233916658,4.627199011050444,4.596755517253489,4.643587650218179,4.6278685875437535,4.616594047296576,5.160287097366395,4.62327729179963,5.047750957989778,4.284274404333931,4.472718084316021,4.535598247060715,4.666131511157711,6.100521453081837,4.636955068811932,4.632924893899076,4.456922337557887,4.6217526557003925,4.2362002559655485,4.548802127984965,4.645844167289019,4.6323190461672,4.62407675111161,4.641838557258362,4.632673959445707,4.6606921825500764,5.447172134707762,5.840583473739649,4.648074557456539,5.500154319678967,4.540737978743275,4.9902469881200675,7.40186910994789,4.6387909113016095,4.633424663787061,4.6412840095915735,4.4048866705978424,4.617705495213759,4.669038760078485,4.259792266580489,4.639859428578389,4.382209069909543,7.3014633488713825,4.633154407769652,4.641839379065687,4.243352291027871,4.616091215624093,4.645681997437349,4.617898386078931,4.41232400602622,6.4839108220532955,4.628168824765603,4.64070124194262,4.451536089201883,6.088210497992911,4.304756177849383,4.637544065199277,4.5492610373243885,4.645244521161072,4.569768889612228,4.645994836483343,4.621121404053984,4.436267950387659,4.548856637684362,4.59035361197359,4.630467868506854,4.519425742880411,4.618278981144455,4.724176381499796,4.642186374208358,4.565146318913112,4.639968774295839,4.642572989519141,5.219158956071393,4.595453893515499,4.35496949212549,4.431724550907602,4.423683255078258,4.650051010016122,4.605583467745334,4.612859927971789,4.642026131007036,4.535243096780967
1.3576719643720263,1.237806596248332,0.4263059550276335,1.368750937126222,0.8858003271299109,3.752151380758892,0.4531344873158617,0.5685166603405012,1.4227743134379254,1.5090532485131678,0.8852605046206793,4.6408510506286555,0.0,1.011081332745186,0.7782155424700744,0.5231358242396278,1.0365620981284078,1.4319153817392374,0.8722410985263392,1.0657774360341303,0.44028803879941225,1.221198434668399,1.1930984236733269,5.160253646589822,4.5002203993335845,4.927289424830837,3.6820711162439714,1.6651060029386535,1.4858086338582617,0.8710504358582095,6.567291545021028,0.4351227238887881,0.6010639552364243,1.5866291811599522,0.8874342800038709,2.2653300126185933,1.2915001218340112,0.8734719694429741,0.6291164260240597,1.1037270132503065,0.8498027712941293,1.0614599298397158,0.5944062421110913,5.876546777867994,6.261329757782556,0.4188258038417179,5.012278548602351,1.3751746413556352,5.1358336407704,8.156413226485734,0.39219168246649294,0.9237043043714627,1.020965269217262,2.710354701122345,1.1734078618153123,1.1710632055573333,3.3189026475991614,0.7249743835264538,1.8883981121676785,7.903504630036711,0.4577102019552993,0.47931313522103774,2.0263125933910726,1.099869312846111,0.4274655546845172,0.9671540188271064,1.879579165817756,6.920178758815055,0.5751514774322436,1.0763334232655954,1.4830513925528275,6.895709663811124,2.1733303545519926,0.4692987250260958,1.4658839080454,0.6586976047504172,4.7245262110291195,0.9524130429100954,0.8113413398705998,2.130153913354638,1.3569304750014763,1.2609565723966856,1.0988736172726945,1.3482531124215582,1.222199083359677,4.871147589856325,1.2025481984081257,1.2611252182933759,1.2347837326715707,1.0155142503656054,5.391658783346286,1.0496315037020576,1.810381670907353,4.060468664695929,1.6118578970490982,0.6147251504325659,1.1451565853643584,0.723185783409908,0.4534750277069115,1.571397169530144
1.4874957557425335,1.3836535035406852,0.9798408716786368,1.4907652782915615,1.181220971613655,3.7481593383009972,0.9821195649196556,0.922742532415153,1.5590986232430235,1.5751977342278347,1.0674602065162557,4.658546239983925,1.011081332745186,0.0,1.047801049429027,0.9403172125655468,1.220148995322097,1.4004638737844,1.10934684610237,1.1156885187782173,1.0032238849137383,1.403607662250459,1.3846245654832876,5.145540525108341,4.4972689076331065,4.92898772240826,3.647711148546439,1.7276876934454224,1.5159446143347286,1.1042312867071131,6.543951068984373,0.9832058881888286,1.0179018175746926,1.5839526905884338,1.1713613274427348,2.290436212064074,1.4558556444321418,1.1753981463571044,1.1109033721532007,1.2501372262017187,1.053117671680705,1.195121849663162,0.9963529960012596,5.862611085534702,6.258032862751625,1.0468990266234803,5.005387074444358,1.5498170713952688,5.119817765390255,8.144298932537966,0.998365019315076,1.1246802087427168,1.0624492857554406,2.7087667167369553,1.2875363650325096,1.3489610630238529,3.297485873500825,0.9895392391352763,1.8510211523404434,7.882630057818137,0.96903753627987,0.9594400725522472,2.0193316067679525,1.2911544932877357,1.0307399760112068,1.2093417574628702,1.9269904311872457,6.903494859270387,0.9536646581542184,1.214149841151867,1.5899790113491314,6.8946277989875755,2.1622959459645137,1.0089933589191236,1.4879150741142753,1.0771892743916363,4.726002557547996,1.1432556230384654,1.0722776318487595,2.0856177838651924,1.466640499632945,1.43173254948741,1.2238948507957876,1.4967676940555144,1.3220463941486906,4.854433349793053,1.2670469420121455,1.385326707639322,1.321746047924433,1.1897723391287904,5.401257629883526,1.1636038266992048,1.8266523901991756,4.051981763702658,1.746223393690159,1.0058427827818404,1.286295933324979,1.0448693948561845,0.9854865685819715,1.6209985911923874
1.3467183705749932,1.2716149704017443,0.7469302376467573,1.444904909140013,1.0358777680588485,3.721925165333168,0.7879813312749263,0.8013642212721959,1.4154890251960415,1.5352620872142249,0.9911304760677123,4.6129066515461705,0.7782155424700744,1.047801049429027,0.0,0.8045406022290428,1.1514828844641183,1.4395646733989813,0.8927427177676994,1.1128199642266363,0.7744332271479911,1.302705366964098,1.2897387493609271,5.146499384762268,4.456044093614133,4.908427538828567,3.6280457428022093,1.6300523417207398,1.4874425412147951,1.013639651688578,6.5425256379805505,0.7712310761490314,0.8036447082894033,1.5696229701872448,0.9753798380703279,2.2738225551812903,1.3766310294821222,1.0206539359724192,0.8885654259949003,1.1671757892802481,0.9857114771591675,1.1137063804159402,0.9052746884893932,5.845344203607054,6.239828454129399,0.8113156269490175,4.992871161557555,1.3408944150447786,5.1047859698496305,8.135679298554349,0.724597694323391,0.9411431732449764,1.033138049551536,2.6537900416928584,1.0931812442467292,1.1816734120257588,3.2913571143766687,0.8866007049901953,1.8949308308279846,7.867077187424844,0.7819456436602753,0.8129850553614678,1.9625983632700437,1.1037078959987292,0.8064715783278065,1.0578280561872564,1.8531155410705316,6.888298351175324,0.7063676449175578,1.0964863471708919,1.5575706546732693,6.871125117626667,2.111227846543222,0.7344565650608609,1.4368877765739576,0.9023047434645253,4.697969671769416,1.0171997186773634,0.951764308031299,2.0737859414488584,1.2800332781816899,1.2697680443226853,1.1876629165524542,1.4068895792872977,1.2601793186561832,4.845797395231242,1.2449545121979424,1.3353916860179094,1.2332728330275904,1.0200570457064455,5.373977208965486,1.107162310609561,1.7703771190516158,4.032851026928159,1.629088759775029,0.8808387364847652,1.1845815835716875,0.9009825773470441,0.7602424596220007,1.535593683950517
1.3489183790655153,1.217150102660311,0.520820852765912,1.4178953545861581,0.8559749969146397,3.7439390157069226,0.5210701372324272,0.5598395799869609,1.3833484365412438,1.4815353537186473,0.8541472518079046,4.6294863824229,0.5231358242396278,0.9403172125655468,0.8045406022290428,0.0,0.9985660762709693,1.3790221773429308,0.8707882127221653,1.036853823454178,0.5419329636667363,1.1628868259294836,1.127395305128813,5.150531719128239,4.47911949428588,4.920663060734334,3.6623692616117287,1.650038100294013,1.4266807749457668,0.8442391284697889,6.55334415242158,0.557821900959029,0.6284785741645446,1.5762694374719244,0.9222335118313846,2.2458181726324966,1.2833146927871069,0.8795320783493633,0.7451515039863554,1.0710550224709645,0.821019186160457,0.9702600584739879,0.6454715228015421,5.855793501772444,6.258108143960434,0.5184892228752913,4.995152221437504,1.3649350166921796,5.131134827374859,8.144562631084629,0.4782945706227023,0.8957748763654306,0.958856764497541,2.671797366436565,1.1458433266406225,1.1042861274058595,3.2912300560705905,0.6935836644136548,1.8407797730532787,7.888449673074482,0.4852170546755051,0.5513061024755533,2.0060296956732957,1.0311419690507362,0.5656289917188547,0.9824828475930326,1.850859432090838,6.912033766187207,0.6377360168832179,0.9786312925765237,1.4610975045286567,6.884089893700603,2.1553587246307844,0.5592653198974602,1.3913725654512896,0.7512065401375541,4.722967019280355,0.9329893318375907,0.7960668467579473,2.076486960157257,1.352046989967373,1.2624093164791577,1.0720190657621174,1.3495581433610082,1.1803067836567502,4.859006420029981,1.2051216500952593,1.1908041010837584,1.178972292719306,1.0020437813062566,5.382282734838829,1.0309537982375068,1.7991567967921416,4.047616544557113,1.528472093351733,0.6668761391169679,1.160556608536103,0.7216433463025176,0.5305142075580341,1.5659174358579933
1.4529659225185296,1.3487045854589101,1.0320042250716785,1.5208984343647667,1.1344694450302102,3.7580939363978167,1.0134944576757392,1.044356547934012,1.5440210544603403,1.5911080397026305,1.0419154188054125,4.633253208446426,1.0365620981284078,1.220148995322097,1.1514828844641183,0.9985660762709693,0.0,1.4669051251042546,1.0955741928863285,1.2918249874095573,1.0215385816498237,1.3298239219961354,1.2981105571856189,5.158646460146426,4.497476930076714,4.903541157301288,3.6798643810741374,1.7475620044846571,1.5444416211161127,1.229831494209833,6.548068208687582,1.0205873011245112,1.0357633142188736,1.66868572325626,1.2095125243384945,2.3397850576946033,1.333396413423559,1.1839452039178702,1.0982479252021724,1.1648772799644258,1.0978004659486666,1.1201407605511824,1.0150333148205617,5.86320382714539,6.250984419543766,1.0659410069658737,4.977890532121038,1.5391686107634923,5.130259164729404,8.143392081603745,1.0196681606692888,1.0185344397780756,1.2201624779304756,2.699852699217708,1.3889318724444746,1.2729776874573577,3.32111677414427,1.1130120202826657,1.872102342151501,7.881850880549736,0.9843120252053549,1.0391898399854824,1.9897075700833582,1.2452321197721017,1.0491503570375689,1.2803028606697178,1.967568179043504,6.901518016185597,1.0360049241622786,1.3102559478805271,1.554983906309984,6.893113013656672,2.2370539257863724,1.0603253605672864,1.4694039532507661,1.1264563776366947,4.722482379902672,1.113604421723702,1.108148138210263,2.134598427914677,1.5082407921210135,1.4543501908465362,1.238716410038101,1.4880374899058681,1.3879176155727644,4.861622968095236,1.2673897390166038,1.347535501129224,1.4005461410935054,1.2004175810637738,5.395634631569541,1.2192258639423248,1.8603193946119796,4.039436013163639,1.7110859009645707,1.0774999824754046,1.3887818369405054,1.0872202370877326,1.0615547687921645,1.6849586990003749
1.5393448004352615,1.4677489095276746,1.394868783146083,1.6890765702105337,1.441498544110725,3.6388613640777163,1.3946134826179108,1.349766061081407,1.6466976584222053,1.684848326809757,1.4119690631470734,4.517181233916658,1.4319153817392374,1.4004638737844,1.4395646733989813,1.3790221773429308,1.4669051251042546,0.0,1.4157650640387813,1.4895742811803823,1.4002385396054222,1.6005761063036998,1.6104870999994152,5.067948035451732,4.379373163108827,4.862911789430006,3.578354474167959,1.8120775717074062,1.620863344295483,1.4973575045337928,6.415600906973453,1.3686415868874688,1.4118774561292842,1.7208809560446996,1.4844830925384334,2.344615928902843,1.5623627411635865,1.51370825939134,1.4804345280458857,1.5121766808838788,1.4186409862161098,1.4292629424532226,1.4025764378544054,5.7529866298796675,6.131225847202523,1.426966260948255,4.9301322337400935,1.638612075460203,5.065525987282271,8.033718575807434,1.3814438334343444,1.4198033258412321,1.474920338564661,2.647481650197932,1.5472195174221928,1.496529538103658,3.188465047117414,1.4094460513862135,1.9601094598761686,7.76596492276656,1.3637672585462624,1.3939514236989698,2.0035419095718074,1.5096394435567178,1.4124957515011252,1.4728137673239594,1.8937945319753142,6.782932336500414,1.3594405059816295,1.5396991323128828,1.7748323576298184,6.766068441822314,2.170065146316537,1.3953495136063436,1.6074573981066824,1.449505800675743,4.614071073436943,1.5268380579186,1.4326560464385198,2.046953039647221,1.7045653665708933,1.6362282830670272,1.457364696157067,1.6866606284901693,1.5461717798898855,4.7846898688539135,1.5869156400232545,1.5545562228651713,1.5153159386833195,1.5085758786992496,5.252461174408801,1.5220434608670637,1.9268764762860389,3.9833840727400958,1.8201054140101696,1.4115463548454374,1.5344012007641992,1.4012304790950858,1.4016511954966828,1.6978236994030802
1.382950080880903,1.2775411190873123,0.913797389000552,1.459521499893624,1.0326205884698167,3.745462215201933,0.8832007373100983,0.875188194199984,1.4477074652648305,1.5202603588983996,1.039971950317803,4.627199011050444,0.8722410985263392,1.10934684610237,0.8927427177676994,0.8707882127221653,1.0955741928863285,1.4157650640387813,0.0,1.1600624329109803,0.8973095655165461,1.3165207991298984,1.3115109395491864,5.162042312099851,4.48852007224707,4.937073508083381,3.6498116431560654,1.6668837723789014,1.507793367096469,1.1373944453635565,6.5522133268996345,0.9003613647208043,0.9318836463000056,1.6050095841308791,1.0687112455424417,2.299316665477661,1.3505386267020856,1.0852319085459259,0.9962194625213907,1.19263922256515,1.0084077127204838,1.0780178514393213,0.9573833829814324,5.861557210826405,6.256105111470833,0.926162705522869,5.01906270612333,1.358399929372159,5.125258834629549,8.145478249800238,0.8378972406726369,0.9660746950074672,1.14648421903281,2.692431958967248,1.263950747535334,1.1978085455268135,3.3018343537785904,1.008699189694441,1.9281569368508935,7.872970804023463,0.852619949471269,0.8955943690810009,2.0682195484709767,1.0833162465337476,0.8705857168236634,1.0372609747882766,1.8333573412045743,6.898629104873759,0.8278706717869749,1.0893170577817404,1.5277333262748893,6.878831385346449,2.1406978399873404,0.8409187711163212,1.4591945103650814,0.9554973844415546,4.710619053745148,1.0528071277511915,0.9538050867373391,2.09981103682709,1.4165144258862656,1.3343822505852212,1.193770067935051,1.3900848797055343,1.3171302321396081,4.8544696937029155,1.2536445891317742,1.3174491396212955,1.216690279239422,0.9892834794686677,5.380448706822059,1.1096244853848862,1.8064755256065548,4.056568216734619,1.6757090448504999,0.9848286627839857,1.2224924386069518,0.9793293324079991,0.8627610171003447,1.53980427018354
1.4726549548237011,1.447450201334197,1.048361107762047,1.523475685619187,1.2382698900923128,3.7071391693903304,1.0102258220178089,1.0296762769721326,1.5014024377274862,1.5730741897761584,1.1517339094895693,4.596755517253489,1.0657774360341303,1.1156885187782173,1.1128199642266363,1.036853823454178,1.2918249874095573,1.4895742811803823,1.1600624329109803,0.0,1.0669083862801745,1.302704863664399,1.289021069409966,5.110658816813163,4.44852700017809,4.889479237854194,3.6214101708687165,1.7337762984940142,1.5465091311175647,1.1801786095202975,6.499524906108673,1.0506886721531814,1.1221298055920912,1.6261745756164896,1.1677356091778202,2.2440077142225867,1.4279744876538014,1.1779519255013846,1.1825900212513811,1.3718838493739534,1.1264845272174957,1.2530043736569487,1.1283962589356058,5.811392729925055,6.214023653464824,1.0570093664369649,4.966359073066199,1.5314138675123092,5.0764980115989,8.102124215851175,1.046495852918286,1.1300420624154057,1.1472145887484735,2.652044939560828,1.2756987545628429,1.3548652118773095,3.233437517460526,1.0877616436036381,1.8624320024200363,7.841100967331234,1.0496428608921002,1.087971381266846,2.0431581485984696,1.2749325453922231,1.0748667479144076,1.164379000040044,1.9107719318469323,6.872685823228404,1.012442311656809,1.2688058981772785,1.6152481023165925,6.8348341743540475,2.1701371080179324,1.0623971103890315,1.6129059066288727,1.0777067395905242,4.714978258036285,1.202427847872628,1.1066284566816884,2.0999385416029495,1.5093608278987387,1.4631360488598264,1.2010947598150006,1.557033589730273,1.3019078963029345,4.811994649933261,1.34099509370434,1.3774480701219078,1.3393440315628833,1.1809805547613759,5.348081205437708,1.2119336368722897,1.813988961923278,4.001098005273394,1.6970924139806223,1.095810720019428,1.3389706895083124,1.055063194895203,1.0193559634771796,1.6776015703176663
1.3421733389164001,1.2662212239014878,0.42362869422497224,1.3963442858875583,0.9071898026918417,3.76417317241596,0.43462750347865736,0.5776519902355743,1.4422381721761433,1.5114881551557953,0.8938802490827084,4.643587650218179,0.44028803879941225,1.0032238849137383,0.7744332271479911,0.5419329636667363,1.0215385816498237,1.4002385396054222,0.8973095655165461,1.0669083862801745,0.0,1.2215791290392668,1.2032681664831832,5.169821709043349,4.4956152004229,4.932982684037189,3.6851069557268596,1.6663898794494105,1.4924932036892067,0.8517726673841859,6.573142876538637,0.4974354899577071,0.6041061820523592,1.5868389405296155,0.917771955457661,2.2709407139392273,1.286585607165979,0.8577645557672838,0.7046237443050276,1.0925664765409062,0.8594209138569311,1.0593908483169376,0.5580450978171376,5.8763403479555,6.2657662468493225,0.40345043457122254,5.017429110525668,1.3932758739402369,5.14005951249518,8.159513441801147,0.3656259365558856,0.9439288329902502,1.0123380437290643,2.71778247323215,1.1733892194667197,1.143824857336233,3.3239888023160313,0.7487026756245945,1.8945702617600662,7.906155672377641,0.44202732177477577,0.500222454652874,2.0264867246368516,1.1018561654907284,0.4627895003327872,1.001279132052503,1.897102734439788,6.926749482869833,0.5999439312645501,1.0756550013222208,1.495700635133366,6.904013983773118,2.19546399662849,0.5233867108201261,1.4593588719916504,0.6569075695932123,4.740387878321612,0.9789432649548012,0.895973275956902,2.1304482571295065,1.3958803804734043,1.2854586074556946,1.1016690358258125,1.3437176190400377,1.1778145378502038,4.8721115162556625,1.2161477502103915,1.2297269007806326,1.20779049398058,1.0588733824590462,5.4065484642594965,1.0741654816338093,1.816247289121302,4.073471278733532,1.5872248794170838,0.634382372846181,1.1645142363566219,0.747822580998879,0.5008782779290268,1.5857223590316374
